avx-nitro  pour 60" f3f (c)JF Sarteur
   1.0000000    0.0002700
   0.9968500    0.0010500
   0.9914700    0.0021800
   0.9852200    0.0032800
   0.9780900    0.0044000
   0.9701900    0.0055600
   0.9617900    0.0067800
   0.9531300    0.0080500
   0.9443700    0.0093400
   0.9355800    0.0106200
   0.9267800    0.0118600
   0.9179900    0.0130900
   0.9091700    0.0142900
   0.9003100    0.0154700
   0.8914300    0.0166400
   0.8825400    0.0178100
   0.8736400    0.0189500
   0.8647400    0.0200900
   0.8558500    0.0212200
   0.8469600    0.0223300
   0.8380700    0.0234300
   0.8291700    0.0245100
   0.8202600    0.0255900
   0.8113500    0.0266400
   0.8024400    0.0276900
   0.7935400    0.0287300
   0.7846300    0.0297400
   0.7757200    0.0307500
   0.7668200    0.0317500
   0.7579200    0.0327200
   0.7490300    0.0336900
   0.7401700    0.0346300
   0.7313100    0.0355400
   0.7224600    0.0364400
   0.7135900    0.0373100
   0.7047000    0.0381500
   0.6957800    0.0389900
   0.6868400    0.0398200
   0.6778700    0.0406400
   0.6689000    0.0414500
   0.6599300    0.0422700
   0.6509700    0.0430600
   0.6420100    0.0438500
   0.6330500    0.0446400
   0.6241100    0.0454000
   0.6151700    0.0461600
   0.6062400    0.0469100
   0.5973200    0.0476200
   0.5883900    0.0483400
   0.5794500    0.0490400
   0.5705200    0.0497200
   0.5615900    0.0503900
   0.5526700    0.0510500
   0.5437500    0.0516800
   0.5348300    0.0523000
   0.5259000    0.0529100
   0.5169700    0.0535000
   0.5080400    0.0540700
   0.4991100    0.0546300
   0.4902100    0.0551700
   0.4813000    0.0556800
   0.4724000    0.0561800
   0.4635000    0.0566700
   0.4546000    0.0571100
   0.4457100    0.0575500
   0.4368300    0.0579600
   0.4279400    0.0583400
   0.4190600    0.0587100
   0.4101700    0.0590500
   0.4012800    0.0593600
   0.3924000    0.0596500
   0.3835300    0.0599200
   0.3746600    0.0601500
   0.3657900    0.0603700
   0.3569200    0.0605500
   0.3480700    0.0607000
   0.3392200    0.0608300
   0.3303800    0.0609300
   0.3215400    0.0609900
   0.3127200    0.0610300
   0.3039000    0.0610300
   0.2950800    0.0609900
   0.2862800    0.0609300
   0.2775000    0.0608200
   0.2687300    0.0606700
   0.2599700    0.0604800
   0.2512200    0.0602500
   0.2424900    0.0599700
   0.2337800    0.0596600
   0.2250900    0.0592900
   0.2164100    0.0588700
   0.2077500    0.0584000
   0.1991100    0.0578800
   0.1905100    0.0572900
   0.1819500    0.0566500
   0.1734200    0.0559500
   0.1649200    0.0551700
   0.1564700    0.0543200
   0.1480700    0.0534100
   0.1397200    0.0524100
   0.1314200    0.0513200
   0.1231800    0.0501500
   0.1150100    0.0488900
   0.1069300    0.0475300
   0.0989400    0.0460700
   0.0910400    0.0445000
   0.0832500    0.0428100
   0.0756100    0.0410200
   0.0681300    0.0391200
   0.0608700    0.0370900
   0.0538400    0.0349300
   0.0471000    0.0326800
   0.0407200    0.0303400
   0.0347900    0.0279400
   0.0294000    0.0255400
   0.0245900    0.0231800
   0.0204100    0.0209100
   0.0168300    0.0187800
   0.0138000    0.0168000
   0.0112600    0.0149800
   0.0091300    0.0132800
   0.0073300    0.0117100
   0.0058100    0.0102500
   0.0045200    0.0088900
   0.0034300    0.0076100
   0.0025100    0.0063900
   0.0017500    0.0052300
   0.0011400    0.0041100
   0.0006600    0.0030300
   0.0003100    0.0019800
   0.0000900    0.0009700
   0.0000000   -0.0000000
   0.0000400   -0.0009600
   0.0002200   -0.0019300
   0.0005600   -0.0029000
   0.0010700   -0.0038500
   0.0017600   -0.0047500
   0.0026300   -0.0055900
   0.0036800   -0.0063700
   0.0049100   -0.0070900
   0.0063200   -0.0077800
   0.0079500   -0.0084600
   0.0098300   -0.0091400
   0.0120100   -0.0098500
   0.0145600   -0.0105900
   0.0175700   -0.0113400
   0.0211700   -0.0121300
   0.0254600   -0.0129300
   0.0305400   -0.0137300
   0.0364500   -0.0145000
   0.0431300   -0.0152200
   0.0504000   -0.0158600
   0.0581200   -0.0164100
   0.0661500   -0.0168600
   0.0743700   -0.0172200
   0.0827200   -0.0174900
   0.0911900   -0.0176900
   0.0997500   -0.0178100
   0.1083500   -0.0178700
   0.1170200   -0.0178800
   0.1257300   -0.0178300
   0.1344700   -0.0177400
   0.1432500   -0.0176100
   0.1520600   -0.0174400
   0.1608800   -0.0172400
   0.1697300   -0.0170100
   0.1785900   -0.0167500
   0.1874900   -0.0164500
   0.1964100   -0.0161400
   0.2053500   -0.0158100
   0.2143100   -0.0154700
   0.2232800   -0.0151100
   0.2322700   -0.0147500
   0.2412600   -0.0143600
   0.2502700   -0.0139800
   0.2592800   -0.0136000
   0.2683000   -0.0131900
   0.2773300   -0.0128000
   0.2863500   -0.0123900
   0.2953900   -0.0119900
   0.3044200   -0.0115900
   0.3134700   -0.0111700
   0.3225100   -0.0107700
   0.3315500   -0.0103600
   0.3406000   -0.0099400
   0.3496400   -0.0095400
   0.3586900   -0.0091400
   0.3677200   -0.0087300
   0.3767500   -0.0083300
   0.3857800   -0.0079300
   0.3948100   -0.0075300
   0.4038400   -0.0071400
   0.4128700   -0.0067500
   0.4219000   -0.0063500
   0.4309300   -0.0059700
   0.4399700   -0.0055900
   0.4490100   -0.0052000
   0.4580400   -0.0048200
   0.4670700   -0.0044500
   0.4760900   -0.0040700
   0.4851000   -0.0037000
   0.4941100   -0.0033400
   0.5031400   -0.0029800
   0.5121500   -0.0026300
   0.5211700   -0.0022900
   0.5301900   -0.0019400
   0.5392100   -0.0016000
   0.5482300   -0.0012700
   0.5572400   -0.0009400
   0.5662400   -0.0006200
   0.5752400   -0.0003100
   0.5842400   -0.0000000
   0.5932500    0.0003000
   0.6022600    0.0005900
   0.6112600    0.0008800
   0.6202700    0.0011600
   0.6292800    0.0014300
   0.6383000    0.0017000
   0.6473200    0.0019600
   0.6563200    0.0022200
   0.6653100    0.0024700
   0.6742600    0.0027100
   0.6832000    0.0029200
   0.6921300    0.0031300
   0.7010500    0.0033000
   0.7099900    0.0034600
   0.7189200    0.0036100
   0.7278600    0.0037400
   0.7367900    0.0038400
   0.7457300    0.0039400
   0.7546900    0.0040100
   0.7636500    0.0040700
   0.7726200    0.0041300
   0.7815900    0.0041600
   0.7905700    0.0041800
   0.7995500    0.0042000
   0.8085300    0.0042000
   0.8175100    0.0041800
   0.8264700    0.0041700
   0.8354300    0.0041300
   0.8443900    0.0040800
   0.8533600    0.0040200
   0.8623300    0.0039400
   0.8712900    0.0038400
   0.8802300    0.0037500
   0.8891500    0.0036200
   0.8980800    0.0034800
   0.9070100    0.0033300
   0.9159200    0.0031500
   0.9248100    0.0029400
   0.9337100    0.0027300
   0.9426000    0.0024800
   0.9514200    0.0022200
   0.9601200    0.0019400
   0.9686300    0.0016200
   0.9767500    0.0012800
   0.9842600    0.0009000
   0.9909500    0.0004800
   0.9967100    0.0000200
   1.0000000   -0.0002700
