8
   1.0000000    0.0000000
   0.9967100    0.0000500
   0.9906500    0.0005700
   0.9834500    0.0015300
   0.9756900    0.0027400
   0.9677100    0.0040800
   0.9596600    0.0054900
   0.9515400    0.0069500
   0.9434000    0.0084300
   0.9352600    0.0099200
   0.9270900    0.0114100
   0.9189100    0.0129000
   0.9107400    0.0143700
   0.9026000    0.0158300
   0.8944600    0.0172500
   0.8863000    0.0186600
   0.8781400    0.0200500
   0.8700100    0.0214300
   0.8618900    0.0227800
   0.8537500    0.0241200
   0.8455900    0.0254500
   0.8374300    0.0267500
   0.8292700    0.0280300
   0.8211100    0.0292900
   0.8129700    0.0305000
   0.8048000    0.0316900
   0.7966400    0.0328500
   0.7884900    0.0339700
   0.7803200    0.0350600
   0.7721300    0.0361200
   0.7639700    0.0371500
   0.7558200    0.0381200
   0.7476300    0.0390700
   0.7394200    0.0399900
   0.7312200    0.0408900
   0.7230300    0.0417500
   0.7148000    0.0425900
   0.7065900    0.0434000
   0.6983800    0.0441800
   0.6901600    0.0449300
   0.6819100    0.0456600
   0.6736800    0.0463700
   0.6654500    0.0470500
   0.6571700    0.0477200
   0.6489200    0.0483700
   0.6406800    0.0490000
   0.6324400    0.0496000
   0.6241900    0.0501900
   0.6159300    0.0507500
   0.6076700    0.0512900
   0.5994100    0.0518100
   0.5911400    0.0523200
   0.5829100    0.0528000
   0.5746500    0.0532600
   0.5664000    0.0537000
   0.5581600    0.0541400
   0.5499300    0.0545500
   0.5416500    0.0549400
   0.5333700    0.0553300
   0.5251300    0.0556800
   0.5168500    0.0560100
   0.5085700    0.0563300
   0.5003300    0.0566300
   0.4920600    0.0569100
   0.4838200    0.0571600
   0.4755300    0.0574100
   0.4672700    0.0576300
   0.4589900    0.0578400
   0.4507100    0.0580200
   0.4424400    0.0581900
   0.4341900    0.0583200
   0.4258900    0.0584500
   0.4176200    0.0585500
   0.4093400    0.0586400
   0.4010600    0.0587000
   0.3927900    0.0587500
   0.3845400    0.0587700
   0.3762600    0.0587700
   0.3679900    0.0587400
   0.3597200    0.0587000
   0.3514900    0.0586200
   0.3432100    0.0585200
   0.3349400    0.0584000
   0.3266700    0.0582600
   0.3184200    0.0580900
   0.3101700    0.0578900
   0.3019200    0.0576600
   0.2936500    0.0574100
   0.2854100    0.0571300
   0.2771600    0.0568200
   0.2689300    0.0564900
   0.2607100    0.0561100
   0.2524500    0.0557100
   0.2442400    0.0552800
   0.2360100    0.0548100
   0.2278300    0.0543100
   0.2196100    0.0537600
   0.2114300    0.0531700
   0.2032200    0.0525400
   0.1950500    0.0518800
   0.1868700    0.0511600
   0.1787100    0.0504100
   0.1705600    0.0496000
   0.1624300    0.0487500
   0.1543200    0.0478400
   0.1462300    0.0468600
   0.1381000    0.0458200
   0.1300600    0.0447400
   0.1220500    0.0435800
   0.1140100    0.0423400
   0.1060400    0.0410300
   0.0981100    0.0396300
   0.0902200    0.0381300
   0.0823300    0.0365400
   0.0745600    0.0348600
   0.0668900    0.0330500
   0.0592400    0.0311000
   0.0517400    0.0290100
   0.0443700    0.0267700
   0.0372100    0.0243500
   0.0302400    0.0217200
   0.0236000    0.0189100
   0.0174900    0.0159400
   0.0121000    0.0129000
   0.0079100    0.0101000
   0.0049800    0.0077400
   0.0030200    0.0058600
   0.0017400    0.0043200
   0.0009000    0.0030200
   0.0003600    0.0018900
   0.0000600    0.0008900
   0.0000000    0.0000000
   0.0002800   -0.0008500
   0.0008600   -0.0016600
   0.0018700   -0.0024400
   0.0032600   -0.0032100
   0.0052300   -0.0040500
   0.0079500   -0.0050100
   0.0122500   -0.0062100
   0.0176100   -0.0074700
   0.0244200   -0.0088600
   0.0319000   -0.0101300
   0.0397100   -0.0112900
   0.0476200   -0.0123500
   0.0555900   -0.0132900
   0.0636100   -0.0141500
   0.0716900   -0.0149200
   0.0798200   -0.0156400
   0.0879700   -0.0163000
   0.0961500   -0.0169100
   0.1043400   -0.0174800
   0.1125500   -0.0180000
   0.1207600   -0.0185000
   0.1289900   -0.0189500
   0.1372300   -0.0193800
   0.1454700   -0.0197700
   0.1537200   -0.0201400
   0.1619800   -0.0204900
   0.1702400   -0.0208100
   0.1785100   -0.0211100
   0.1867700   -0.0213800
   0.1950500   -0.0216400
   0.2033200   -0.0218800
   0.2116000   -0.0221000
   0.2198800   -0.0222900
   0.2281600   -0.0224800
   0.2364500   -0.0226400
   0.2447400   -0.0227900
   0.2530300   -0.0229300
   0.2613200   -0.0230400
   0.2696100   -0.0231500
   0.2779100   -0.0232400
   0.2862100   -0.0233200
   0.2945000   -0.0233900
   0.3028100   -0.0234400
   0.3111100   -0.0234800
   0.3194100   -0.0235100
   0.3277100   -0.0235400
   0.3360200   -0.0235500
   0.3443300   -0.0235500
   0.3526400   -0.0235400
   0.3609500   -0.0235300
   0.3692600   -0.0235100
   0.3775700   -0.0234700
   0.3858900   -0.0234300
   0.3942000   -0.0233900
   0.4025100   -0.0233400
   0.4108300   -0.0232800
   0.4191500   -0.0232200
   0.4274600   -0.0231500
   0.4357800   -0.0230700
   0.4441000   -0.0229900
   0.4524200   -0.0229100
   0.4607400   -0.0228200
   0.4690700   -0.0227300
   0.4773800   -0.0226300
   0.4857000   -0.0225300
   0.4940200   -0.0224200
   0.5023500   -0.0223100
   0.5106600   -0.0221900
   0.5189800   -0.0220700
   0.5273000   -0.0219500
   0.5356200   -0.0218200
   0.5439400   -0.0216800
   0.5522600   -0.0215400
   0.5605700   -0.0214000
   0.5688900   -0.0212500
   0.5772000   -0.0210900
   0.5855200   -0.0209300
   0.5938300   -0.0207600
   0.6021400   -0.0205800
   0.6104500   -0.0204000
   0.6187700   -0.0202100
   0.6270800   -0.0200100
   0.6353900   -0.0198100
   0.6437000   -0.0195900
   0.6520100   -0.0193800
   0.6603100   -0.0191500
   0.6686200   -0.0189100
   0.6769200   -0.0186700
   0.6852300   -0.0184100
   0.6935300   -0.0181500
   0.7018300   -0.0178800
   0.7101400   -0.0176000
   0.7184400   -0.0173100
   0.7267400   -0.0170100
   0.7350400   -0.0167000
   0.7433400   -0.0163800
   0.7516500   -0.0160500
   0.7599400   -0.0157200
   0.7682500   -0.0153700
   0.7765500   -0.0150200
   0.7848600   -0.0146600
   0.7931600   -0.0142900
   0.8014700   -0.0139100
   0.8097800   -0.0135400
   0.8180800   -0.0131600
   0.8263400   -0.0128000
   0.8346100   -0.0124100
   0.8429100   -0.0120100
   0.8512000   -0.0116000
   0.8595000   -0.0111800
   0.8677800   -0.0107500
   0.8760400   -0.0103100
   0.8843200   -0.0098400
   0.8925900   -0.0093600
   0.9008600   -0.0088600
   0.9091300   -0.0083600
   0.9173500   -0.0078200
   0.9256000   -0.0072500
   0.9338200   -0.0066600
   0.9420200   -0.0060400
   0.9502400   -0.0053800
   0.9584000   -0.0046900
   0.9665800   -0.0039400
   0.9747600   -0.0031600
   0.9827700   -0.0023500
   0.9903900   -0.0015000
   0.9967300   -0.0006300
   1.0000000    0.0000000
