GIII BL450 AIRFOIL
   1.0000000    0.0001799
   0.9501470    0.0044873
   0.9002936    0.0087848
   0.8504807    0.0142709
   0.8006821    0.0201765
   0.7508903    0.0262819
   0.7010883    0.0320876
   0.6512673    0.0373340
   0.6014350    0.0422508
   0.5515925    0.0468679
   0.5017388    0.0511554
   0.4518722    0.0550633
   0.4019882    0.0584619
   0.3520756    0.0610214
   0.3021172    0.0622325
   0.2520992    0.0616956
   0.2020431    0.0600400
   0.1519446    0.0571359
   0.1017579    0.0516448
   0.0766112    0.0473311
   0.0514032    0.0412195
   0.0260793    0.0317018
   0.0133085    0.0237467
   0.0081470    0.0190025
   0.0055397    0.0158513
   0.0000000    0.0000000
   0.0045933   -0.0119464
   0.0070244   -0.0139693
   0.0119383   -0.0164966
   0.0243621   -0.0187396
   0.0494081   -0.0173924
   0.0744558   -0.0159953
   0.0994831   -0.0151975
   0.1494510   -0.0161489
   0.1993740   -0.0184187
   0.2493072   -0.0203889
   0.2992545   -0.0219497
   0.3492145   -0.0231308
   0.3991882   -0.0239124
   0.4491810   -0.0241347
   0.4991883   -0.0239274
   0.5492140   -0.0231808
   0.5992629   -0.0217549
   0.6493179   -0.0201492
   0.6993813   -0.0182939
   0.7494846   -0.0152699
   0.7995876   -0.0122558
   0.8496908   -0.0092318
   0.8997938   -0.0062178
   0.9498970   -0.0031938
   1.0000000   -0.0001799
