Griffith 30% Suction Airfoil
   1.0000000    0.0010000
   0.9826930    0.0017310
   0.9526820    0.0060720
   0.9216690    0.0112840
   0.8880560    0.0199980
   0.8607460    0.0295820
   0.8359360    0.0417960
   0.8147280    0.0575020
   0.7904800    0.0813010
   0.7561600    0.1044030
   0.7204300    0.1207880
   0.6835900    0.1317480
   0.6459400    0.1396120
   0.6077800    0.1456640
   0.5693700    0.1500010
   0.5309900    0.1523810
   0.4926500    0.1528520
   0.4543500    0.1518630
   0.4163800    0.1499880
   0.3788700    0.1474280
   0.3420400    0.1439620
   0.3060900    0.1393330
   0.2712000    0.1336990
   0.2376000    0.1274440
   0.2054900    0.1207570
   0.1750400    0.1134300
   0.1464800    0.1051320
   0.1199900    0.0957390
   0.0957600    0.0853880
   0.0739500    0.0745350
   0.0546800    0.0634190
   0.0381100    0.0519490
   0.0243300    0.0403440
   0.0133800    0.0290860
   0.0054800    0.0185150
   0.0009800    0.0087050
   0.0000000    0.0000000
   0.0009800   -0.0087050
   0.0054800   -0.0185150
   0.0133800   -0.0290860
   0.0243300   -0.0403440
   0.0381100   -0.0519490
   0.0546800   -0.0634190
   0.0739500   -0.0745350
   0.0957600   -0.0853880
   0.1199900   -0.0957390
   0.1464800   -0.1051320
   0.1750400   -0.1134300
   0.2054900   -0.1207570
   0.2376000   -0.1274440
   0.2712000   -0.1336990
   0.3060900   -0.1393330
   0.3420400   -0.1439620
   0.3788700   -0.1474280
   0.4163800   -0.1499880
   0.4543500   -0.1518630
   0.4926500   -0.1528520
   0.5309900   -0.1523810
   0.5693700   -0.1500010
   0.6077800   -0.1456640
   0.6459400   -0.1396120
   0.6835900   -0.1317480
   0.7204300   -0.1207880
   0.7561600   -0.1044030
   0.7904800   -0.0813010
   0.8147280   -0.0575020
   0.8359360   -0.0417960
   0.8607460   -0.0295820
   0.8880560   -0.0199980
   0.9216690   -0.0112840
   0.9526820   -0.0060720
   0.9826930   -0.0017310
   1.0000000   -0.0010000
