HM50T dieser Strak eignet sich besonders fr Hortenmodelle
   1.0000000    0.0000000
   0.9998000    0.0000101
   0.9996000    0.0000302
   0.9993600    0.0000404
   0.9990900    0.0000605
   0.9987700    0.0000807
   0.9983900    0.0001009
   0.9979300    0.0001311
   0.9973800    0.0001614
   0.9967300    0.0002018
   0.9959901    0.0002422
   0.9951401    0.0002927
   0.9942101    0.0003532
   0.9931801    0.0004138
   0.9920701    0.0004844
   0.9908801    0.0005550
   0.9896101    0.0006457
   0.9882702    0.0007265
   0.9868502    0.0008272
   0.9853502    0.0009281
   0.9837803    0.0010489
   0.9821403    0.0011698
   0.9804103    0.0013008
   0.9786104    0.0014318
   0.9767204    0.0015828
   0.9747505    0.0017439
   0.9727105    0.0019050
   0.9705806    0.0020862
   0.9683706    0.0022674
   0.9660907    0.0024587
   0.9637407    0.0026600
   0.9613108    0.0028713
   0.9588109    0.0030927
   0.9562509    0.0033141
   0.9536210    0.0035456
   0.9509211    0.0037871
   0.9481512    0.0040286
   0.9453013    0.0042802
   0.9423814    0.0045518
   0.9393814    0.0048234
   0.9363115    0.0051051
   0.9331516    0.0053969
   0.9299017    0.0057087
   0.9265818    0.0060205
   0.9231720    0.0063524
   0.9196921    0.0066843
   0.9161322    0.0070363
   0.9125123    0.0073883
   0.9088024    0.0077603
   0.9050426    0.0081324
   0.9012027    0.0085245
   0.8973129    0.0089167
   0.8933530    0.0093188
   0.8893431    0.0097311
   0.8852833    0.0101533
   0.8811634    0.0105756
   0.8770036    0.0110179
   0.8728038    0.0114502
   0.8685639    0.0119025
   0.8642841    0.0123549
   0.8599542    0.0128173
   0.8555744    0.0132797
   0.8511246    0.0137622
   0.8466148    0.0142546
   0.8420250    0.0147572
   0.8373552    0.0152798
   0.8325953    0.0158124
   0.8277456    0.0163651
   0.8228058    0.0169278
   0.8177860    0.0175106
   0.8126662    0.0181034
   0.8074664    0.0187163
   0.8021867    0.0193492
   0.7968169    0.0199822
   0.7913672    0.0206352
   0.7858474    0.0212982
   0.7802677    0.0219713
   0.7746480    0.0226544
   0.7690182    0.0233375
   0.7634085    0.0240106
   0.7578187    0.0246937
   0.7522790    0.0253668
   0.7468093    0.0260298
   0.7414295    0.0266827
   0.7361098    0.0273257
   0.7308300    0.0279686
   0.7255602    0.0286115
   0.7202605    0.0292444
   0.7149207    0.0298974
   0.7094910    0.0305504
   0.7039712    0.0312134
   0.6983115    0.0318966
   0.6925318    0.0325898
   0.6866420    0.0332930
   0.6806623    0.0340063
   0.6746026    0.0347197
   0.6684829    0.0354430
   0.6623131    0.0361665
   0.6561134    0.0368899
   0.6498937    0.0376133
   0.6436740    0.0383267
   0.6374442    0.0390302
   0.6312145    0.0397336
   0.6249847    0.0404371
   0.6187650    0.0411305
   0.6125452    0.0418139
   0.6063455    0.0424974
   0.6001558    0.0431808
   0.5939860    0.0438542
   0.5878162    0.0445176
   0.5816365    0.0451810
   0.5754467    0.0458344
   0.5692370    0.0464878
   0.5629872    0.0471313
   0.5567074    0.0477748
   0.5503776    0.0484183
   0.5439879    0.0490518
   0.5375681    0.0496753
   0.5311183    0.0502989
   0.5246485    0.0509225
   0.5181687    0.0515360
   0.5117089    0.0521296
   0.5052591    0.0527232
   0.4988493    0.0533067
   0.4924695    0.0538702
   0.4861397    0.0544337
   0.4798298    0.0549772
   0.4735500    0.0555107
   0.4672802    0.0560341
   0.4610203    0.0565476
   0.4547705    0.0570510
   0.4485106    0.0575445
   0.4422508    0.0580179
   0.4359809    0.0584914
   0.4297010    0.0589448
   0.4234211    0.0593883
   0.4171412    0.0598218
   0.4108713    0.0602352
   0.4046014    0.0606387
   0.3983515    0.0610321
   0.3921116    0.0614056
   0.3858917    0.0617690
   0.3796818    0.0621124
   0.3735018    0.0624458
   0.3673319    0.0627592
   0.3611919    0.0630626
   0.3550719    0.0633460
   0.3489720    0.0636093
   0.3429020    0.0638627
   0.3368520    0.0640960
   0.3308320    0.0643093
   0.3248420    0.0645126
   0.3188820    0.0646859
   0.3129419    0.0648492
   0.3070419    0.0649824
   0.3011718    0.0651057
   0.2953318    0.0651989
   0.2895317    0.0652821
   0.2837616    0.0653352
   0.2780215    0.0653784
   0.2723214    0.0653915
   0.2666613    0.0653956
   0.2610312    0.0653677
   0.2554510    0.0653308
   0.2499009    0.0652739
   0.2443907    0.0651869
   0.2389306    0.0650899
   0.2335004    0.0649729
   0.2281302    0.0648358
   0.2227900    0.0646788
   0.2174998    0.0645017
   0.2122596    0.0642945
   0.2070594    0.0640674
   0.2019091    0.0638202
   0.1968089    0.0635430
   0.1917586    0.0632458
   0.1867583    0.0629285
   0.1818081    0.0625813
   0.1769078    0.0622139
   0.1720574    0.0618266
   0.1672671    0.0614192
   0.1625268    0.0609918
   0.1578465    0.0605344
   0.1532161    0.0600669
   0.1486457    0.0595694
   0.1441354    0.0590519
   0.1396850    0.0585143
   0.1352846    0.0579568
   0.1309442    0.0573791
   0.1266638    0.0567715
   0.1224533    0.0561438
   0.1182929    0.0554960
   0.1142024    0.0548183
   0.1101720    0.0541305
   0.1062015    0.0534127
   0.1023010    0.0526848
   0.0984605    0.0519269
   0.0946900    0.0511489
   0.0909795    0.0503510
   0.0873390    0.0495430
   0.0837685    0.0487049
   0.0802679    0.0478568
   0.0768374    0.0469887
   0.0734668    0.0461005
   0.0701663    0.0451923
   0.0669457    0.0442641
   0.0637851    0.0433258
   0.0607045    0.0423675
   0.0576939    0.0413991
   0.0547533    0.0404107
   0.0518827    0.0394023
   0.0490821    0.0383838
   0.0463615    0.0373552
   0.0437108    0.0363067
   0.0411302    0.0352481
   0.0386296    0.0341794
   0.0362089    0.0330907
   0.0338583    0.0319920
   0.0315776    0.0308933
   0.0293870    0.0297744
   0.0272563    0.0286456
   0.0252156    0.0275167
   0.0232550    0.0263677
   0.0213643    0.0252188
   0.0195536    0.0240697
   0.0178230    0.0229107
   0.0161723    0.0217515
   0.0145916    0.0206024
   0.0131010    0.0194432
   0.0116903    0.0182939
   0.0103496    0.0171547
   0.0090990    0.0160153
   0.0079283    0.0148859
   0.0068277    0.0137765
   0.0058171    0.0126671
   0.0048865    0.0115675
   0.0040358    0.0104880
   0.0032552    0.0094184
   0.0025746    0.0083588
   0.0019641    0.0073191
   0.0014335    0.0062893
   0.0009829    0.0052796
   0.0006224    0.0042897
   0.0003418    0.0033099
   0.0001413    0.0023400
   0.0000208    0.0013900
   0.0000000    0.0000000
   0.0001492   -0.0013701
   0.0003588   -0.0022802
   0.0006483   -0.0031904
   0.0010178   -0.0041206
   0.0014772   -0.0050709
   0.0020067   -0.0060512
   0.0026162   -0.0070616
   0.0033156   -0.0081120
   0.0040950   -0.0092024
   0.0049444   -0.0103229
   0.0058838   -0.0114635
   0.0069032   -0.0126240
   0.0080026   -0.0138047
   0.0091719   -0.0149753
   0.0104313   -0.0161561
   0.0117707   -0.0173268
   0.0131901   -0.0184976
   0.0146895   -0.0196485
   0.0162589   -0.0207994
   0.0179183   -0.0219503
   0.0196577   -0.0230913
   0.0214671   -0.0242323
   0.0233565   -0.0253634
   0.0253259   -0.0265045
   0.0273753   -0.0276356
   0.0294948   -0.0287668
   0.0317042   -0.0298880
   0.0339736   -0.0309993
   0.0363331   -0.0321106
   0.0387625   -0.0332020
   0.0412620   -0.0342834
   0.0438414   -0.0353548
   0.0464909   -0.0364063
   0.0492204   -0.0374378
   0.0520199   -0.0384594
   0.0548894   -0.0394610
   0.0578389   -0.0404426
   0.0608584   -0.0414143
   0.0639480   -0.0423660
   0.0671075   -0.0433078
   0.0703371   -0.0442296
   0.0736367   -0.0451314
   0.0770062   -0.0460233
   0.0804458   -0.0468952
   0.0839554   -0.0477571
   0.0875350   -0.0485891
   0.0911746   -0.0494111
   0.0948843   -0.0502132
   0.0986639   -0.0509853
   0.1025136   -0.0517474
   0.1064133   -0.0524796
   0.1103929   -0.0532018
   0.1144226   -0.0538940
   0.1185224   -0.0545663
   0.1226821   -0.0552186
   0.1269018   -0.0558509
   0.1311916   -0.0564533
   0.1355313   -0.0570457
   0.1399311   -0.0576081
   0.1443909   -0.0581406
   0.1489107   -0.0586631
   0.1534805   -0.0591556
   0.1581104   -0.0596382
   0.1628002   -0.0600907
   0.1675501   -0.0605234
   0.1723499   -0.0609460
   0.1771998   -0.0613387
   0.1821097   -0.0617114
   0.1870696   -0.0620541
   0.1920795   -0.0623869
   0.1971395   -0.0626897
   0.2022494   -0.0629725
   0.2074094   -0.0632253
   0.2126094   -0.0634582
   0.2178593   -0.0636611
   0.2231593   -0.0638540
   0.2284994   -0.0640170
   0.2338894   -0.0641499
   0.2393194   -0.0642729
   0.2447895   -0.0643759
   0.2502996   -0.0644590
   0.2558496   -0.0645220
   0.2614397   -0.0645651
   0.2670798   -0.0645992
   0.2727499   -0.0646013
   0.2784500   -0.0645844
   0.2842002   -0.0645576
   0.2899803   -0.0645008
   0.2957905   -0.0644340
   0.3016406   -0.0643372
   0.3075208   -0.0642204
   0.3134310   -0.0640837
   0.3193712   -0.0639269
   0.3253514   -0.0637602
   0.3313517   -0.0635635
   0.3373719   -0.0633568
   0.3434222   -0.0631201
   0.3495024   -0.0628735
   0.3556027   -0.0626168
   0.3617230   -0.0623302
   0.3678732   -0.0620336
   0.3740435   -0.0617270
   0.3802338   -0.0614004
   0.3864441   -0.0610538
   0.3926845   -0.0606972
   0.3989348   -0.0603206
   0.4052051   -0.0599341
   0.4114955   -0.0595375
   0.4178058   -0.0591210
   0.4241162   -0.0586944
   0.4304366   -0.0582579
   0.4367569   -0.0578014
   0.4430873   -0.0573348
   0.4494077   -0.0568583
   0.4557381   -0.0563718
   0.4620585   -0.0558752
   0.4683889   -0.0553587
   0.4747293   -0.0548322
   0.4810698   -0.0543057
   0.4874202   -0.0537592
   0.4937906   -0.0532026
   0.5001710   -0.0526461
   0.5065715   -0.0520697
   0.5129719   -0.0514832
   0.5193824   -0.0508967
   0.5257829   -0.0503002
   0.5321633   -0.0496937
   0.5385138   -0.0490872
   0.5448442   -0.0484706
   0.5511247   -0.0478441
   0.5573652   -0.0472175
   0.5635656   -0.0465909
   0.5697361   -0.0459543
   0.5758966   -0.0453076
   0.5820471   -0.0446610
   0.5882176   -0.0440044
   0.5943980   -0.0433478
   0.6006185   -0.0426812
   0.6068790   -0.0420046
   0.6131795   -0.0413181
   0.6195100   -0.0406215
   0.6258406   -0.0399250
   0.6321811   -0.0392285
   0.6384916   -0.0385219
   0.6447821   -0.0378154
   0.6510326   -0.0370988
   0.6572231   -0.0363922
   0.6633636   -0.0356856
   0.6694442   -0.0349689
   0.6754747   -0.0342622
   0.6814552   -0.0335555
   0.6873857   -0.0328487
   0.6932762   -0.0321519
   0.6991267   -0.0314551
   0.7049372   -0.0307583
   0.7107177   -0.0300615
   0.7164682   -0.0293746
   0.7221887   -0.0286978
   0.7278692   -0.0280109
   0.7335396   -0.0273340
   0.7391701   -0.0266571
   0.7447906   -0.0259802
   0.7503911   -0.0253132
   0.7559616   -0.0246363
   0.7615020   -0.0239693
   0.7670125   -0.0233123
   0.7724630   -0.0226553
   0.7778535   -0.0220083
   0.7831839   -0.0213712
   0.7884244   -0.0207440
   0.7935848   -0.0201369
   0.7986452   -0.0195396
   0.8036256   -0.0189524
   0.8085261   -0.0183851
   0.8133565   -0.0178277
   0.8181369   -0.0172703
   0.8228673   -0.0167329
   0.8275776   -0.0162055
   0.8322680   -0.0156781
   0.8369384   -0.0151606
   0.8416088   -0.0146432
   0.8462492   -0.0141357
   0.8508595   -0.0136382
   0.8554399   -0.0131408
   0.8599802   -0.0126532
   0.8644606   -0.0121857
   0.8688809   -0.0117181
   0.8732413   -0.0112605
   0.8775216   -0.0108129
   0.8817419   -0.0103752
   0.8858822   -0.0099474
   0.8899726   -0.0095297
   0.8939929   -0.0091219
   0.8979432   -0.0087240
   0.9018435   -0.0083362
   0.9056837   -0.0079583
   0.9094640   -0.0075804
   0.9131843   -0.0072224
   0.9168346   -0.0068644
   0.9204148   -0.0065264
   0.9239251   -0.0061883
   0.9273553   -0.0058702
   0.9306956   -0.0055520
   0.9339558   -0.0052438
   0.9371260   -0.0049555
   0.9402062   -0.0046672
   0.9431965   -0.0043888
   0.9461167   -0.0041304
   0.9489468   -0.0038720
   0.9516970   -0.0036335
   0.9543672   -0.0033950
   0.9569674   -0.0031664
   0.9594976   -0.0029578
   0.9619577   -0.0027491
   0.9643379   -0.0025504
   0.9666380   -0.0023717
   0.9688782   -0.0021929
   0.9710383   -0.0020241
   0.9731184   -0.0018653
   0.9751386   -0.0017064
   0.9770687   -0.0015574
   0.9789388   -0.0014184
   0.9807189   -0.0012894
   0.9824390   -0.0011604
   0.9840791   -0.0010413
   0.9856392   -0.0009321
   0.9871293   -0.0008229
   0.9885494   -0.0007237
   0.9898895   -0.0006245
   0.9911495   -0.0005451
   0.9923296   -0.0004558
   0.9934297   -0.0003864
   0.9944397   -0.0003169
   0.9953598   -0.0002575
   0.9961798   -0.0001979
   0.9969099   -0.0001483
   0.9975399   -0.0001186
   0.9980599   -0.0000789
   0.9984999   -0.0000592
   0.9988700   -0.0000394
   0.9991700   -0.0000295
   0.9994300   -0.0000197
   0.9996500   -0.0000098
   0.9998500    0.0000001
   1.0000000    0.0000000
