HN-163TA F3B Norbert Habe
   1.0000000    0.0000000
   0.9990100    0.0001300
   0.9960600    0.0005800
   0.9911400    0.0013700
   0.9842900    0.0025300
   0.9755300    0.0040200
   0.9648900    0.0058000
   0.9524100    0.0077900
   0.9381500    0.0099300
   0.9221600    0.0122400
   0.9045100    0.0147300
   0.8852600    0.0173700
   0.8644800    0.0201500
   0.8422700    0.0230200
   0.8187100    0.0259700
   0.7938900    0.0289500
   0.7679100    0.0319500
   0.7408800    0.0349300
   0.7128900    0.0378600
   0.6840600    0.0407100
   0.6545100    0.0434500
   0.6243500    0.0460700
   0.5936900    0.0485200
   0.5626700    0.0507800
   0.5314000    0.0528100
   0.5000000    0.0546000
   0.4686100    0.0561200
   0.4373300    0.0573500
   0.4063100    0.0582700
   0.3756600    0.0588600
   0.3454900    0.0591200
   0.3159400    0.0590100
   0.2871100    0.0585500
   0.2591200    0.0577000
   0.2320900    0.0564800
   0.2061100    0.0548700
   0.1812900    0.0529000
   0.1577300    0.0505400
   0.1355200    0.0478300
   0.1147400    0.0447700
   0.0954900    0.0413900
   0.0778400    0.0377000
   0.0618500    0.0337500
   0.0475900    0.0295700
   0.0351100    0.0251900
   0.0244700    0.0206600
   0.0157100    0.0161000
   0.0088600    0.0116100
   0.0039400    0.0072100
   0.0009900    0.0031700
   0.0000000    0.0000000
   0.0009900   -0.0026900
   0.0039400   -0.0057000
   0.0088600   -0.0086600
   0.0157100   -0.0114400
   0.0244700   -0.0141000
   0.0351100   -0.0165900
   0.0475900   -0.0188300
   0.0618500   -0.0208400
   0.0778400   -0.0225900
   0.0954900   -0.0240900
   0.1147400   -0.0253600
   0.1355200   -0.0263700
   0.1577300   -0.0271500
   0.1812900   -0.0277100
   0.2061100   -0.0280400
   0.2320900   -0.0281800
   0.2591200   -0.0281200
   0.2871100   -0.0278700
   0.3159400   -0.0274600
   0.3454900   -0.0268800
   0.3756600   -0.0261500
   0.4063100   -0.0252800
   0.4373300   -0.0242900
   0.4686100   -0.0231600
   0.5000000   -0.0219200
   0.5314000   -0.0205500
   0.5626700   -0.0190200
   0.5936900   -0.0173300
   0.6243500   -0.0155200
   0.6545100   -0.0136600
   0.6840600   -0.0118200
   0.7128900   -0.0100200
   0.7408800   -0.0083100
   0.7679100   -0.0067100
   0.7938900   -0.0052400
   0.8187100   -0.0039300
   0.8422700   -0.0027700
   0.8644800   -0.0017800
   0.8852600   -0.0009700
   0.9045100   -0.0003200
   0.9221600    0.0001600
   0.9381500    0.0004800
   0.9524100    0.0006500
   0.9648900    0.0007100
   0.9755300    0.0006600
   0.9842900    0.0005400
   0.9911400    0.0003700
   0.9960600    0.0001900
   0.9990100    0.0000500
   1.0000000    0.0000000
