HT36
   1.0000000    0.0007467
   0.9951676    0.0011177
   0.9883849    0.0016389
   0.9803775    0.0022558
   0.9714874    0.0029424
   0.9621019    0.0036683
   0.9524837    0.0044128
   0.9427657    0.0051664
   0.9330051    0.0059246
   0.9232260    0.0066848
   0.9134395    0.0074457
   0.9036508    0.0082064
   0.8938615    0.0089666
   0.8840720    0.0097263
   0.8742829    0.0104852
   0.8644940    0.0112432
   0.8547045    0.0120004
   0.8449143    0.0127570
   0.8351233    0.0135131
   0.8253318    0.0142689
   0.8155395    0.0150244
   0.8057469    0.0157799
   0.7959541    0.0165352
   0.7861615    0.0172905
   0.7763700    0.0180456
   0.7665805    0.0188001
   0.7567936    0.0195535
   0.7470093    0.0203053
   0.7372272    0.0210550
   0.7274471    0.0218023
   0.7176695    0.0225467
   0.7078941    0.0232878
   0.6981208    0.0240252
   0.6883496    0.0247586
   0.6785812    0.0254875
   0.6688157    0.0262112
   0.6590529    0.0269291
   0.6492917    0.0276408
   0.6395320    0.0283462
   0.6297740    0.0290451
   0.6200187    0.0297368
   0.6102660    0.0304207
   0.6005153    0.0310964
   0.5907662    0.0317636
   0.5810191    0.0324219
   0.5712748    0.0330709
   0.5615332    0.0337098
   0.5517935    0.0343381
   0.5420550    0.0349557
   0.5323178    0.0355623
   0.5225831    0.0361574
   0.5128512    0.0367406
   0.5031219    0.0373110
   0.4933947    0.0378683
   0.4836699    0.0384121
   0.4739481    0.0389418
   0.4642299    0.0394566
   0.4545150    0.0399559
   0.4448029    0.0404390
   0.4350939    0.0409054
   0.4253888    0.0413544
   0.4156879    0.0417852
   0.4059912    0.0421968
   0.3962981    0.0425886
   0.3866091    0.0429598
   0.3769251    0.0433096
   0.3672464    0.0436370
   0.3575728    0.0439409
   0.3479041    0.0442204
   0.3382408    0.0444747
   0.3285841    0.0447027
   0.3189339    0.0449031
   0.3092902    0.0450746
   0.2996529    0.0452163
   0.2900234    0.0453270
   0.2804026    0.0454053
   0.2707910    0.0454495
   0.2611886    0.0454582
   0.2515966    0.0454299
   0.2420169    0.0453628
   0.2324506    0.0452546
   0.2228983    0.0451033
   0.2133615    0.0449068
   0.2038426    0.0446627
   0.1943441    0.0443678
   0.1848672    0.0440192
   0.1754146    0.0436139
   0.1659902    0.0431483
   0.1565977    0.0426181
   0.1472405    0.0420190
   0.1379238    0.0413466
   0.1286550    0.0405954
   0.1194407    0.0397593
   0.1102898    0.0388324
   0.1012165    0.0378081
   0.0922381    0.0366789
   0.0833782    0.0354378
   0.0746739    0.0340784
   0.0661773    0.0325957
   0.0579639    0.0309908
   0.0501428    0.0292735
   0.0428465    0.0274662
   0.0362131    0.0256078
   0.0303472    0.0237475
   0.0252843    0.0219357
   0.0209887    0.0202083
   0.0173720    0.0185764
   0.0143240    0.0170354
   0.0117413    0.0155759
   0.0095394    0.0141850
   0.0076515    0.0128468
   0.0060269    0.0115457
   0.0046283    0.0102674
   0.0034298    0.0089991
   0.0024163    0.0077280
   0.0015819    0.0064437
   0.0009265    0.0051427
   0.0004498    0.0038318
   0.0001448    0.0025222
   0.0000008    0.0012454
   0.0000000    0.0000000
   0.0001424   -0.0012770
   0.0004458   -0.0025869
   0.0009209   -0.0038984
   0.0015747   -0.0052003
   0.0024074   -0.0064857
   0.0034193   -0.0077579
   0.0046163   -0.0090278
   0.0060133   -0.0103078
   0.0076363   -0.0116109
   0.0095225   -0.0129515
   0.0117227   -0.0143452
   0.0143035   -0.0158079
   0.0173496   -0.0173526
   0.0209643   -0.0189890
   0.0252577   -0.0207218
   0.0303184   -0.0225399
   0.0361820   -0.0244075
   0.0428131   -0.0262741
   0.0501071   -0.0280906
   0.0579261   -0.0298176
   0.0661375   -0.0314328
   0.0746323   -0.0329260
   0.0833348   -0.0342962
   0.0921932   -0.0355484
   0.1011702   -0.0366888
   0.1102422   -0.0377243
   0.1193919   -0.0386627
   0.1286052   -0.0395102
   0.1378731   -0.0402730
   0.1471889   -0.0409570
   0.1565454   -0.0415678
   0.1659372   -0.0421096
   0.1753610   -0.0425870
   0.1848132   -0.0430041
   0.1942897   -0.0433645
   0.2037878   -0.0436711
   0.2133064   -0.0439272
   0.2228429   -0.0441355
   0.2323951   -0.0442987
   0.2419612   -0.0444188
   0.2515409   -0.0444979
   0.2611329   -0.0445381
   0.2707352   -0.0445414
   0.2803469   -0.0445092
   0.2899678   -0.0444429
   0.2995975   -0.0443441
   0.3092348   -0.0442144
   0.3188788   -0.0440549
   0.3285292   -0.0438665
   0.3381864   -0.0436506
   0.3478499   -0.0434083
   0.3575189   -0.0431408
   0.3671929   -0.0428490
   0.3768720   -0.0425337
   0.3865566   -0.0421959
   0.3962459   -0.0418367
   0.4059395   -0.0414570
   0.4156367   -0.0410575
   0.4253382   -0.0406388
   0.4350439   -0.0402019
   0.4447534   -0.0397476
   0.4544661   -0.0392766
   0.4641816   -0.0387894
   0.4739006   -0.0382867
   0.4836229   -0.0377691
   0.4933485   -0.0372374
   0.5030762   -0.0366922
   0.5128063   -0.0361339
   0.5225390   -0.0355629
   0.5322745   -0.0349798
   0.5420123   -0.0343854
   0.5517516   -0.0337799
   0.5614921   -0.0331638
   0.5712345   -0.0325370
   0.5809796   -0.0319002
   0.5907275   -0.0312539
   0.6004774   -0.0305989
   0.6102291   -0.0299353
   0.6199826   -0.0292636
   0.6297388   -0.0285840
   0.6394975   -0.0278973
   0.6492583   -0.0272041
   0.6590202   -0.0265045
   0.6687840   -0.0257987
   0.6785502   -0.0250872
   0.6883197   -0.0243705
   0.6980918   -0.0236493
   0.7078661   -0.0229240
   0.7176423   -0.0221951
   0.7274209   -0.0214628
   0.7372018   -0.0207277
   0.7469849   -0.0199902
   0.7567702   -0.0192507
   0.7665579   -0.0185094
   0.7763484   -0.0177671
   0.7861408   -0.0170242
   0.7959343   -0.0162811
   0.8057281   -0.0155379
   0.8155218   -0.0147947
   0.8253149   -0.0140514
   0.8351074   -0.0133078
   0.8448993   -0.0125639
   0.8546905   -0.0118195
   0.8644809   -0.0110745
   0.8742707   -0.0103286
   0.8840608   -0.0095819
   0.8938512   -0.0088345
   0.9036416   -0.0080864
   0.9134311   -0.0073379
   0.9232185   -0.0065892
   0.9329986   -0.0058412
   0.9427602   -0.0050952
   0.9524791   -0.0043536
   0.9620983   -0.0036211
   0.9714847   -0.0029069
   0.9803756   -0.0022313
   0.9883838   -0.0016245
   0.9951671   -0.0011117
   1.0000000   -0.0007467
