msa812	F5B fast airfoils edumolfino@ciudad.com
   1.0000000    0.0004980
   0.9953102    0.0009415
   0.9866577    0.0017561
   0.9759172    0.0027508
   0.9641788    0.0038491
   0.9522624    0.0049644
   0.9403200    0.0061107
   0.9282436    0.0072772
   0.9162173    0.0084546
   0.9043039    0.0096089
   0.8922925    0.0107663
   0.8800581    0.0119448
   0.8677287    0.0131174
   0.8553564    0.0142899
   0.8430320    0.0154615
   0.8307296    0.0166060
   0.8183792    0.0177536
   0.8060048    0.0188902
   0.7936434    0.0200278
   0.7812570    0.0211504
   0.7688426    0.0222680
   0.7564502    0.0233716
   0.7440278    0.0244682
   0.7316194    0.0255628
   0.7192730    0.0266473
   0.7069376    0.0277099
   0.6946071    0.0287685
   0.6822837    0.0298010
   0.6700472    0.0308365
   0.6578998    0.0318440
   0.6457483    0.0328455
   0.6335928    0.0338269
   0.6213814    0.0348044
   0.6091599    0.0357629
   0.5969164    0.0367254
   0.5846319    0.0376630
   0.5722644    0.0385885
   0.5599069    0.0394931
   0.5475533    0.0403727
   0.5352288    0.0412282
   0.5229842    0.0420778
   0.5107437    0.0428763
   0.4984561    0.0436668
   0.4861295    0.0444204
   0.4737459    0.0451580
   0.4613823    0.0458725
   0.4491316    0.0465500
   0.4369400    0.0471785
   0.4248103    0.0478030
   0.4126196    0.0483705
   0.4004519    0.0489139
   0.3882442    0.0494064
   0.3760384    0.0498819
   0.3637667    0.0502955
   0.3514419    0.0506780
   0.3392010    0.0510085
   0.3269182    0.0512831
   0.3146753    0.0515056
   0.3024384    0.0516671
   0.2902155    0.0517656
   0.2780155    0.0518001
   0.2658295    0.0517706
   0.2537924    0.0516480
   0.2416293    0.0514274
   0.2295821    0.0511418
   0.2175649    0.0507362
   0.2056417    0.0502326
   0.1937663    0.0496119
   0.1821580    0.0488751
   0.1711525    0.0480689
   0.1615461    0.0472540
   0.1540617    0.0465580
   0.1488325    0.0460388
   0.1443202    0.0455592
   0.1397759    0.0450466
   0.1351376    0.0444971
   0.1305293    0.0439325
   0.1259370    0.0433500
   0.1213407    0.0427354
   0.1167474    0.0420899
   0.1121590    0.0414203
   0.1075756    0.0407198
   0.1029962    0.0399852
   0.0984238    0.0392186
   0.0938554    0.0384211
   0.0892940    0.0375885
   0.0847405    0.0367119
   0.0801950    0.0357963
   0.0756555    0.0348487
   0.0711240    0.0338632
   0.0666064    0.0328196
   0.0620999    0.0317260
   0.0576073    0.0305773
   0.0531296    0.0293697
   0.0486689    0.0281061
   0.0442282    0.0267715
   0.0398135    0.0253518
   0.0354257    0.0238531
   0.0310808    0.0222325
   0.0267729    0.0205148
   0.0225169    0.0186760
   0.0183339    0.0166732
   0.0142397    0.0144964
   0.0102874    0.0120735
   0.0065170    0.0093755
   0.0059187    0.0088908
   0.0053305    0.0083932
   0.0047542    0.0078815
   0.0041899    0.0073548
   0.0036376    0.0068121
   0.0030993    0.0062523
   0.0025660    0.0056616
   0.0020567    0.0050489
   0.0015813    0.0044132
   0.0011490    0.0037504
   0.0007716    0.0030596
   0.0004562    0.0023378
   0.0003280    0.0019718
   0.0002179    0.0015979
   0.0001296    0.0012199
   0.0000624    0.0008370
   0.0000182    0.0004510
   0.0000000    0.0000000
   0.0000009   -0.0001610
   0.0000118   -0.0003850
   0.0000307   -0.0006080
   0.0000606   -0.0008300
   0.0000994   -0.0010501
   0.0001493   -0.0012681
   0.0002152   -0.0015011
   0.0002921   -0.0017312
   0.0003800   -0.0019562
   0.0004788   -0.0021783
   0.0005867   -0.0023953
   0.0007036   -0.0026084
   0.0008405   -0.0028344
   0.0009864   -0.0030535
   0.0011403   -0.0032676
   0.0013022   -0.0034757
   0.0014710   -0.0036778
   0.0016469   -0.0038749
   0.0029493   -0.0050636
   0.0046077   -0.0062155
   0.0066781   -0.0073556
   0.0092735   -0.0085379
   0.0125728   -0.0098107
   0.0168900   -0.0112060
   0.0226032   -0.0128030
   0.0300422   -0.0145920
   0.0391033   -0.0164648
   0.0493383   -0.0182753
   0.0601474   -0.0198990
   0.0714087   -0.0213400
   0.0828650   -0.0226111
   0.0945344   -0.0236983
   0.1062869   -0.0246646
   0.1180885   -0.0254738
   0.1300251   -0.0261502
   0.1420188   -0.0267366
   0.1540276   -0.0271969
   0.1661654   -0.0275774
   0.1782862   -0.0278769
   0.1904731   -0.0280973
   0.2026820   -0.0282488
   0.2149760   -0.0283484
   0.2272090   -0.0283929
   0.2395270   -0.0283824
   0.2518290   -0.0283330
   0.2641740   -0.0282335
   0.2765621   -0.0281111
   0.2888962   -0.0279547
   0.3012903   -0.0277593
   0.3136834   -0.0275459
   0.3260626   -0.0273025
   0.3384797   -0.0270321
   0.3508809   -0.0267547
   0.3632720   -0.0264463
   0.3757042   -0.0261279
   0.3880454   -0.0257914
   0.4003546   -0.0254180
   0.4127368   -0.0250556
   0.4250960   -0.0246802
   0.4374922   -0.0242658
   0.4499584   -0.0238444
   0.4624137   -0.0234220
   0.4748729   -0.0229896
   0.4873301   -0.0225493
   0.4997854   -0.0220979
   0.5122016   -0.0216365
   0.5246169   -0.0211581
   0.5370391   -0.0206777
   0.5494664   -0.0201883
   0.5618717   -0.0196969
   0.5742529   -0.0191985
   0.5866212   -0.0187061
   0.5990245   -0.0181877
   0.6114498   -0.0176613
   0.6238370   -0.0171479
   0.6361323   -0.0166334
   0.6483646   -0.0161109
   0.6605489   -0.0155924
   0.6727542   -0.0150559
   0.6850534   -0.0145335
   0.6974387   -0.0139860
   0.7098010   -0.0134526
   0.7221693   -0.0129162
   0.7345406   -0.0123648
   0.7468269   -0.0118313
   0.7590312   -0.0112858
   0.7712035   -0.0107653
   0.7834548   -0.0102118
   0.7958301   -0.0096724
   0.8081894   -0.0091250
   0.8205216   -0.0085885
   0.8328379   -0.0080461
   0.8449912   -0.0075365
   0.8569235   -0.0069969
   0.8689488   -0.0064943
   0.8812251   -0.0059688
   0.8936063   -0.0054394
   0.9059486   -0.0049200
   0.9182999   -0.0043885
   0.9306172   -0.0038681
   0.9428225   -0.0033466
   0.9548788   -0.0028190
   0.9665660   -0.0022872
   0.9774273   -0.0017670
   0.9872676   -0.0012512
   0.9955158   -0.0007866
   1.0000000   -0.0004980
