profil-de-grand-planeur-de-voltige-a-partir-de-4m
   1.0000000    0.0009100
   0.9958500    0.0014500
   0.9880600    0.0025500
   0.9801200    0.0037200
   0.9721100    0.0049600
   0.9640800    0.0061800
   0.9560700    0.0074000
   0.9480400    0.0086300
   0.9400000    0.0098000
   0.9319600    0.0109600
   0.9239100    0.0121300
   0.9158600    0.0132800
   0.9078200    0.0144300
   0.8997700    0.0155900
   0.8917300    0.0167400
   0.8836900    0.0179000
   0.8756400    0.0190500
   0.8676000    0.0202000
   0.8595800    0.0213200
   0.8515400    0.0224600
   0.8435100    0.0236000
   0.8355000    0.0247400
   0.8274700    0.0258700
   0.8194400    0.0270100
   0.8114000    0.0281400
   0.8033700    0.0292400
   0.7953300    0.0303700
   0.7872800    0.0314600
   0.7792400    0.0325500
   0.7712000    0.0336600
   0.7631600    0.0347300
   0.7551200    0.0358200
   0.7470700    0.0369000
   0.7390300    0.0379600
   0.7310100    0.0390000
   0.7230000    0.0400600
   0.7149600    0.0411000
   0.7069200    0.0421400
   0.6988900    0.0431600
   0.6908400    0.0442000
   0.6827900    0.0452300
   0.6747400    0.0462400
   0.6666900    0.0472600
   0.6586300    0.0482500
   0.6505700    0.0492600
   0.6425000    0.0502400
   0.6344600    0.0511800
   0.6264100    0.0521000
   0.6183500    0.0530600
   0.6102900    0.0540100
   0.6022300    0.0549100
   0.5941700    0.0558100
   0.5861000    0.0566600
   0.5780400    0.0575400
   0.5699700    0.0583900
   0.5619000    0.0592400
   0.5538500    0.0600500
   0.5458000    0.0608400
   0.5377200    0.0616200
   0.5296600    0.0623800
   0.5216200    0.0631200
   0.5135500    0.0638300
   0.5054800    0.0645200
   0.4974000    0.0652000
   0.4893400    0.0658700
   0.4812700    0.0664900
   0.4732000    0.0670900
   0.4651300    0.0676700
   0.4570700    0.0682200
   0.4489800    0.0687600
   0.4409000    0.0693100
   0.4328400    0.0698100
   0.4247600    0.0703000
   0.4166700    0.0707600
   0.4086100    0.0711900
   0.4005500    0.0716000
   0.3924700    0.0719700
   0.3843900    0.0723100
   0.3763200    0.0726300
   0.3682500    0.0729100
   0.3601700    0.0731500
   0.3520900    0.0733600
   0.3440100    0.0735300
   0.3359500    0.0737000
   0.3278800    0.0738100
   0.3198100    0.0738800
   0.3117300    0.0739300
   0.3036600    0.0739200
   0.2956000    0.0738700
   0.2875300    0.0737900
   0.2794500    0.0736500
   0.2713900    0.0734900
   0.2633300    0.0732500
   0.2552700    0.0730000
   0.2472200    0.0726700
   0.2391400    0.0722900
   0.2310900    0.0718800
   0.2230600    0.0714000
   0.2150100    0.0708300
   0.2069700    0.0702500
   0.1989200    0.0695700
   0.1909000    0.0688400
   0.1828600    0.0680300
   0.1748500    0.0671700
   0.1668400    0.0662100
   0.1588500    0.0651700
   0.1508600    0.0640300
   0.1428500    0.0628100
   0.1348900    0.0615000
   0.1269400    0.0600900
   0.1190000    0.0585500
   0.1110800    0.0569100
   0.1031800    0.0551200
   0.0953100    0.0532400
   0.0874600    0.0511900
   0.0796400    0.0490000
   0.0718800    0.0466500
   0.0641700    0.0441000
   0.0564900    0.0413300
   0.0489000    0.0383900
   0.0414200    0.0351700
   0.0340400    0.0316700
   0.0269000    0.0278900
   0.0200200    0.0236600
   0.0135500    0.0190300
   0.0077600    0.0139100
   0.0036500    0.0091500
   0.0015000    0.0054600
   0.0006200    0.0029500
   0.0002000    0.0012900
   0.0000300    0.0003900
  -0.0000000   -0.0000000
   0.0000300   -0.0003800
   0.0002000   -0.0012200
   0.0007000   -0.0028900
   0.0013200   -0.0042900
   0.0017900   -0.0050600
   0.0024000   -0.0059100
   0.0041600   -0.0078200
   0.0084200   -0.0111100
   0.0146700   -0.0145300
   0.0216900   -0.0174500
   0.0292500   -0.0200500
   0.0368900   -0.0222300
   0.0446900   -0.0241300
   0.0525400   -0.0257800
   0.0604500   -0.0272500
   0.0683900   -0.0285500
   0.0763700   -0.0297000
   0.0843600   -0.0307200
   0.0923500   -0.0316100
   0.1003800   -0.0324200
   0.1084200   -0.0331300
   0.1164500   -0.0337700
   0.1245000   -0.0343400
   0.1325600   -0.0348300
   0.1406100   -0.0352600
   0.1486900   -0.0356500
   0.1567600   -0.0359800
   0.1648400   -0.0362600
   0.1729100   -0.0364800
   0.1809800   -0.0366900
   0.1890700   -0.0368300
   0.1971500   -0.0369700
   0.2052300   -0.0370400
   0.2133100   -0.0371000
   0.2213900   -0.0371000
   0.2294600   -0.0370800
   0.2375600   -0.0370300
   0.2456400   -0.0369500
   0.2537200   -0.0368400
   0.2617900   -0.0367100
   0.2698700   -0.0365500
   0.2779400   -0.0363600
   0.2860400   -0.0361900
   0.2941100   -0.0359600
   0.3022000   -0.0357400
   0.3102700   -0.0354900
   0.3183500   -0.0352100
   0.3264300   -0.0349200
   0.3345200   -0.0346400
   0.3425800   -0.0342900
   0.3506700   -0.0339700
   0.3587500   -0.0336000
   0.3668500   -0.0332400
   0.3749300   -0.0328800
   0.3830100   -0.0324800
   0.3910900   -0.0320900
   0.3991800   -0.0316700
   0.4072800   -0.0312500
   0.4153600   -0.0308300
   0.4234500   -0.0304000
   0.4315200   -0.0299500
   0.4396100   -0.0294900
   0.4476900   -0.0290300
   0.4557600   -0.0285500
   0.4638100   -0.0280900
   0.4718700   -0.0276100
   0.4799300   -0.0271300
   0.4880100   -0.0266300
   0.4960800   -0.0261100
   0.5041600   -0.0256100
   0.5122200   -0.0250600
   0.5203000   -0.0245300
   0.5283800   -0.0240000
   0.5364500   -0.0234400
   0.5445100   -0.0228600
   0.5525900   -0.0223200
   0.5606600   -0.0217600
   0.5687200   -0.0211800
   0.5767800   -0.0205900
   0.5848300   -0.0200200
   0.5929000   -0.0194300
   0.6009600   -0.0188500
   0.6090500   -0.0182600
   0.6171400   -0.0176600
   0.6252100   -0.0170700
   0.6332900   -0.0164700
   0.6413700   -0.0158800
   0.6494500   -0.0152900
   0.6575100   -0.0146900
   0.6655800   -0.0141000
   0.6736600   -0.0135300
   0.6817500   -0.0129500
   0.6898200   -0.0123900
   0.6978900   -0.0118000
   0.7059800   -0.0112600
   0.7140600   -0.0106900
   0.7221300   -0.0101400
   0.7302000   -0.0096000
   0.7382500   -0.0090700
   0.7463200   -0.0085400
   0.7544000   -0.0080200
   0.7624800   -0.0075400
   0.7705600   -0.0070300
   0.7786500   -0.0065500
   0.7867200   -0.0060800
   0.7947900   -0.0056100
   0.8028700   -0.0051600
   0.8109500   -0.0047400
   0.8190200   -0.0043100
   0.8270700   -0.0039000
   0.8351300   -0.0035200
   0.8432200   -0.0031300
   0.8513100   -0.0027800
   0.8593600   -0.0024400
   0.8674100   -0.0021100
   0.8754800   -0.0018000
   0.8835400   -0.0015200
   0.8916200   -0.0012600
   0.8996900   -0.0010200
   0.9077600   -0.0007900
   0.9158200   -0.0006000
   0.9238800   -0.0004400
   0.9319400   -0.0002900
   0.9399900   -0.0001900
   0.9480500   -0.0001100
   0.9560800   -0.0000900
   0.9641000   -0.0001000
   0.9721200   -0.0001700
   0.9801100   -0.0003000
   0.9879800   -0.0005300
   0.9958200   -0.0007600
   1.0000000   -0.0009200
