phonix10
   1.0000000    0.0015400
   0.9980516    0.0016720
   0.9960955    0.0018049
   0.9941239    0.0019397
   0.9921289    0.0020771
   0.9901029    0.0022182
   0.9880447    0.0023633
   0.9859842    0.0025098
   0.9839602    0.0026549
   0.9820115    0.0027954
   0.9801767    0.0029281
   0.9784722    0.0030515
   0.9767919    0.0031738
   0.9749885    0.0033060
   0.9729143    0.0034592
   0.9704221    0.0036447
   0.9673880    0.0038720
   0.9638385    0.0041410
   0.9598585    0.0044478
   0.9555334    0.0047884
   0.9509481    0.0051590
   0.9461843    0.0055558
   0.9412943    0.0059747
   0.9363177    0.0064121
   0.9312943    0.0068644
   0.9262635    0.0073276
   0.9212614    0.0077982
   0.9162937    0.0082755
   0.9113495    0.0087599
   0.9064184    0.0092516
   0.9014900    0.0097514
   0.8965540    0.0102593
   0.8916089    0.0107752
   0.8866572    0.0112982
   0.8817018    0.0118275
   0.8767458    0.0123626
   0.8717915    0.0129025
   0.8668397    0.0134473
   0.8618898    0.0139971
   0.8569408    0.0145523
   0.8519920    0.0151133
   0.8470428    0.0156801
   0.8420928    0.0162526
   0.8371424    0.0168296
   0.8321918    0.0174104
   0.8272410    0.0179942
   0.8222906    0.0185798
   0.8173406    0.0191673
   0.8123905    0.0197571
   0.8074403    0.0203499
   0.8024898    0.0209461
   0.7975387    0.0215463
   0.7925871    0.0221506
   0.7876358    0.0227577
   0.7826853    0.0233672
   0.7777363    0.0239778
   0.7727891    0.0245890
   0.7678434    0.0252007
   0.7628969    0.0258137
   0.7579473    0.0264294
   0.7529924    0.0270485
   0.7480302    0.0276723
   0.7430630    0.0283003
   0.7380983    0.0289308
   0.7331446    0.0295622
   0.7282100    0.0301923
   0.7233024    0.0308195
   0.7184150    0.0314443
   0.7135192    0.0320709
   0.7085844    0.0327042
   0.7035799    0.0333484
   0.6984758    0.0340083
   0.6932917    0.0346813
   0.6881334    0.0353532
   0.6831151    0.0360083
   0.6783510    0.0366310
   0.6739540    0.0372060
   0.6698695    0.0377402
   0.6657103    0.0382846
   0.6610502    0.0388955
   0.6554630    0.0396293
   0.6485233    0.0405419
   0.6400427    0.0416582
   0.6303723    0.0429314
   0.6199387    0.0443045
   0.6091680    0.0457206
   0.5984866    0.0471229
   0.5881874    0.0484719
   0.5782127    0.0497735
   0.5684477    0.0510411
   0.5587777    0.0522880
   0.5490877    0.0535275
   0.5392951    0.0547691
   0.5294139    0.0560101
   0.5194772    0.0572456
   0.5095175    0.0584707
   0.4995678    0.0596805
   0.4896516    0.0608707
   0.4797598    0.0620398
   0.4698759    0.0631864
   0.4599836    0.0643096
   0.4500665    0.0654082
   0.4401161    0.0664808
   0.4301568    0.0675249
   0.4202212    0.0685381
   0.4103425    0.0695175
   0.4005531    0.0704604
   0.3908656    0.0713642
   0.3811945    0.0722259
   0.3714250    0.0730423
   0.3614425    0.0738105
   0.3511320    0.0745272
   0.3404421    0.0751887
   0.3296758    0.0757863
   0.3192593    0.0763099
   0.3096191    0.0767493
   0.3011813    0.0770945
   0.2942889    0.0773381
   0.2887361    0.0774928
   0.2840978    0.0775791
   0.2799473    0.0776175
   0.2758587    0.0776285
   0.2714495    0.0776306
   0.2666763    0.0776251
   0.2616525    0.0776058
   0.2564920    0.0775663
   0.2513093    0.0775004
   0.2462088    0.0774020
   0.2412073    0.0772696
   0.2362745    0.0771039
   0.2313798    0.0769054
   0.2264926    0.0766750
   0.2215843    0.0764132
   0.2166493    0.0761192
   0.2116954    0.0757915
   0.2067312    0.0754289
   0.2017645    0.0750295
   0.1968035    0.0745922
   0.1918497    0.0741162
   0.1869010    0.0736009
   0.1819550    0.0730461
   0.1770093    0.0724516
   0.1720614    0.0718167
   0.1671113    0.0711413
   0.1621602    0.0704250
   0.1572095    0.0696673
   0.1522605    0.0688678
   0.1473146    0.0680262
   0.1423708    0.0671408
   0.1374260    0.0662088
   0.1324771    0.0652275
   0.1275210    0.0641942
   0.1225548    0.0631062
   0.1175824    0.0619642
   0.1126145    0.0607726
   0.1076622    0.0595358
   0.1027367    0.0582582
   0.0978482    0.0569438
   0.0929843    0.0555842
   0.0881053    0.0541559
   0.0831701    0.0526346
   0.0781372    0.0509961
   0.0729673    0.0492169
   0.0676997    0.0473108
   0.0624810    0.0453416
   0.0574650    0.0433770
   0.0528056    0.0414843
   0.0486553    0.0397307
   0.0450689    0.0381440
   0.0419506    0.0366920
   0.0391914    0.0353371
   0.0366826    0.0340420
   0.0343157    0.0327694
   0.0320357    0.0315063
   0.0298814    0.0302833
   0.0279018    0.0291349
   0.0261455    0.0280960
   0.0246610    0.0272010
   0.0234557    0.0264578
   0.0224538    0.0258188
   0.0215693    0.0252300
   0.0207159    0.0246375
   0.0198078    0.0239873
   0.0187995    0.0232526
   0.0177401    0.0224712
   0.0166923    0.0216895
   0.0157190    0.0209544
   0.0148826    0.0203124
   0.0142194    0.0197904
   0.0136929    0.0193610
   0.0132545    0.0189882
   0.0128561    0.0186357
   0.0124491    0.0182675
   0.0119981    0.0178573
   0.0115099    0.0174120
   0.0109993    0.0169444
   0.0104808    0.0164671
   0.0099692    0.0159933
   0.0094746    0.0155307
   0.0089905    0.0150690
   0.0085063    0.0145943
   0.0080117    0.0140919
   0.0074962    0.0135477
   0.0069551    0.0129551
   0.0064090    0.0123398
   0.0058850    0.0117367
   0.0054100    0.0111801
   0.0050115    0.0107047
   0.0047087    0.0103360
   0.0044850    0.0100542
   0.0043124    0.0098258
   0.0041627    0.0096170
   0.0040079    0.0093942
   0.0038248    0.0091301
   0.0036186    0.0088331
   0.0034048    0.0085242
   0.0031988    0.0082247
   0.0030160    0.0079557
   0.0028695    0.0077352
   0.0027558    0.0075580
   0.0026642    0.0074102
   0.0025847    0.0072771
   0.0025067    0.0071448
   0.0024208    0.0070002
   0.0023261    0.0068413
   0.0022254    0.0066717
   0.0021214    0.0064945
   0.0020170    0.0063134
   0.0019150    0.0061312
   0.0018155    0.0059479
   0.0017174    0.0057612
   0.0016198    0.0055692
   0.0015215    0.0053698
   0.0014215    0.0051614
   0.0013204    0.0049454
   0.0012197    0.0047259
   0.0011205    0.0045068
   0.0010245    0.0042917
   0.0009329    0.0040838
   0.0008434    0.0038723
   0.0007515    0.0036371
   0.0006526    0.0033576
   0.0005419    0.0030134
   0.0004158    0.0025854
   0.0002816    0.0020774
   0.0001559    0.0015119
   0.0000561    0.0009117
   0.0000000    0.0000000
   0.0000612   -0.0008714
   0.0001633   -0.0014000
   0.0002903   -0.0018730
   0.0004249   -0.0022770
   0.0005507   -0.0025995
   0.0006608   -0.0028430
   0.0007595   -0.0030262
   0.0008514   -0.0031684
   0.0009410   -0.0032893
   0.0010330   -0.0034080
   0.0011293   -0.0035333
   0.0012287   -0.0036621
   0.0013296   -0.0037902
   0.0014309   -0.0039136
   0.0015309   -0.0040281
   0.0016293   -0.0041325
   0.0017270   -0.0042288
   0.0018253   -0.0043197
   0.0019250   -0.0044075
   0.0020274   -0.0044945
   0.0021319   -0.0045818
   0.0022359   -0.0046674
   0.0023366   -0.0047493
   0.0024310   -0.0048254
   0.0025164   -0.0048939
   0.0025943   -0.0049553
   0.0026743   -0.0050152
   0.0027668   -0.0050799
   0.0028822   -0.0051555
   0.0030308   -0.0052483
   0.0032153   -0.0053598
   0.0034223   -0.0054825
   0.0036363   -0.0056079
   0.0038418   -0.0057273
   0.0040236   -0.0058320
   0.0041775   -0.0059190
   0.0043279   -0.0059984
   0.0045026   -0.0060824
   0.0047299   -0.0061831
   0.0050376   -0.0063126
   0.0054413   -0.0064776
   0.0059198   -0.0066685
   0.0064460   -0.0068734
   0.0069929   -0.0070804
   0.0075333   -0.0072773
   0.0080478   -0.0074554
   0.0085419   -0.0076158
   0.0090261   -0.0077620
   0.0095108   -0.0078974
   0.0100063   -0.0080253
   0.0105190   -0.0081483
   0.0110378   -0.0082660
   0.0115479   -0.0083777
   0.0120348   -0.0084823
   0.0124835   -0.0085788
   0.0128892   -0.0086677
   0.0132887   -0.0087547
   0.0137305   -0.0088474
   0.0142633   -0.0089530
   0.0149353   -0.0090792
   0.0157806   -0.0092309
   0.0167599   -0.0094017
   0.0178102   -0.0095815
   0.0188690   -0.0097601
   0.0198733   -0.0099276
   0.0207769   -0.0100761
   0.0216300   -0.0102117
   0.0225190   -0.0103455
   0.0235297   -0.0104889
   0.0247484   -0.0106531
   0.0262486   -0.0108475
   0.0280183   -0.0110694
   0.0300088   -0.0113110
   0.0321714   -0.0115645
   0.0344574   -0.0118220
   0.0368298   -0.0120768
   0.0393496   -0.0123311
   0.0421255   -0.0125915
   0.0452661   -0.0128648
   0.0488806   -0.0131576
   0.0530615   -0.0134754
   0.0577440   -0.0138140
   0.0627753   -0.0141633
   0.0680013   -0.0145132
   0.0732681   -0.0148537
   0.0784313   -0.0151754
   0.0834589   -0.0154769
   0.0883911   -0.0157623
   0.0932689   -0.0160358
   0.0981338   -0.0163013
   0.1030248   -0.0165625
   0.1079527   -0.0168209
   0.1129067   -0.0170751
   0.1178756   -0.0173241
   0.1228486   -0.0175671
   0.1278148   -0.0178027
   0.1327709   -0.0180308
   0.1377201   -0.0182515
   0.1426652   -0.0184649
   0.1476095   -0.0186713
   0.1525560   -0.0188709
   0.1575054   -0.0190641
   0.1624566   -0.0192518
   0.1674080   -0.0194345
   0.1723585   -0.0196133
   0.1773065   -0.0197885
   0.1822525   -0.0199604
   0.1871988   -0.0201281
   0.1921479   -0.0202906
   0.1971022   -0.0204474
   0.2020639   -0.0205972
   0.2070308   -0.0207402
   0.2119950   -0.0208771
   0.2169482   -0.0210086
   0.2218822   -0.0211356
   0.2267891   -0.0212590
   0.2316760   -0.0213793
   0.2365720   -0.0214961
   0.2415077   -0.0216097
   0.2465137   -0.0217196
   0.2516198   -0.0218260
   0.2568041   -0.0219284
   0.2619603   -0.0220259
   0.2669741   -0.0221178
   0.2717314   -0.0222033
   0.2761194   -0.0222814
   0.2802008   -0.0223531
   0.2843659   -0.0224223
   0.2890408   -0.0224936
   0.2946519   -0.0225715
   0.3016239   -0.0226602
   0.3101335   -0.0227611
   0.3198238   -0.0228688
   0.3302682   -0.0229772
   0.3410406   -0.0230800
   0.3517149   -0.0231710
   0.3620054   -0.0232462
   0.3719739   -0.0233071
   0.3817350   -0.0233562
   0.3914036   -0.0233956
   0.4010946   -0.0234277
   0.4108888   -0.0234545
   0.4207708   -0.0234755
   0.4307077   -0.0234907
   0.4406668   -0.0234994
   0.4506153   -0.0235015
   0.4605301   -0.0234965
   0.4704210   -0.0234844
   0.4803042   -0.0234656
   0.4901962   -0.0234402
   0.5001134   -0.0234084
   0.5100637   -0.0233701
   0.5200224   -0.0233253
   0.5299564   -0.0232736
   0.5398331   -0.0232148
   0.5496197   -0.0231486
   0.5593051   -0.0230744
   0.5689765   -0.0229893
   0.5787487   -0.0228901
   0.5887364   -0.0227737
   0.5990545   -0.0226365
   0.6097498   -0.0224773
   0.6205126   -0.0223029
   0.6309168   -0.0221238
   0.6405361   -0.0219497
   0.6489439   -0.0217907
   0.6558043   -0.0216552
   0.6613334   -0.0215394
   0.6659573   -0.0214353
   0.6701020   -0.0213348
   0.6741938   -0.0212300
   0.6786112   -0.0211137
   0.6833907   -0.0209854
   0.6884185   -0.0208477
   0.6935805   -0.0207029
   0.6987623   -0.0205537
   0.7038605   -0.0204023
   0.7088602   -0.0202487
   0.7137919   -0.0200921
   0.7186861   -0.0199312
   0.7235734   -0.0197654
   0.7284821   -0.0195937
   0.7334175   -0.0194160
   0.7383716   -0.0192327
   0.7433361   -0.0190445
   0.7483029   -0.0188516
   0.7532642   -0.0186545
   0.7582183   -0.0184532
   0.7631673   -0.0182472
   0.7681133   -0.0180362
   0.7730587   -0.0178198
   0.7780054   -0.0175975
   0.7829541   -0.0173693
   0.7879042   -0.0171356
   0.7928552   -0.0168963
   0.7978062   -0.0166517
   0.8027568   -0.0164022
   0.8077069   -0.0161474
   0.8126567   -0.0158871
   0.8176063   -0.0156206
   0.8225560   -0.0153477
   0.8275059   -0.0150679
   0.8324560   -0.0147812
   0.8374063   -0.0144882
   0.8423562   -0.0141898
   0.8473057   -0.0138861
   0.8522545   -0.0135780
   0.8572028   -0.0132656
   0.8621513   -0.0129482
   0.8671010   -0.0126253
   0.8720523   -0.0122964
   0.8770062   -0.0119608
   0.8819619   -0.0116184
   0.8869167   -0.0112695
   0.8918677   -0.0109141
   0.8968119   -0.0105526
   0.9017469   -0.0101852
   0.9066749   -0.0098117
   0.9116058   -0.0094314
   0.9165505   -0.0090432
   0.9215194   -0.0086464
   0.9265229   -0.0082402
   0.9315538   -0.0078251
   0.9365753   -0.0074041
   0.9415479   -0.0069804
   0.9464322   -0.0065571
   0.9511881   -0.0061375
   0.9557619   -0.0057268
   0.9600712   -0.0053342
   0.9640312   -0.0049694
   0.9675565   -0.0046419
   0.9705622   -0.0043613
   0.9730297   -0.0041307
   0.9750864   -0.0039377
   0.9768800   -0.0037682
   0.9785579   -0.0036082
   0.9802672   -0.0034433
   0.9821085   -0.0032643
   0.9840619   -0.0030735
   0.9860885   -0.0028754
   0.9881495   -0.0026743
   0.9902065   -0.0024747
   0.9922304   -0.0022796
   0.9942238   -0.0020888
   0.9961943   -0.0019011
   0.9981498   -0.0017154
   1.0000000   -0.0015400
