NE130
   1.0000000    0.0000253
   0.9964796    0.0012077
   0.9920208    0.0026801
   0.9870861    0.0042706
   0.9816724    0.0059668
   0.9758102    0.0077519
   0.9695555    0.0096029
   0.9629785    0.0114927
   0.9561563    0.0133959
   0.9491582    0.0152921
   0.9420336    0.0171686
   0.9348178    0.0190169
   0.9275271    0.0208341
   0.9201713    0.0226183
   0.9127567    0.0243697
   0.9052850    0.0260893
   0.8977542    0.0277782
   0.8901638    0.0294379
   0.8825118    0.0310688
   0.8747999    0.0326680
   0.8670283    0.0342348
   0.8591980    0.0357690
   0.8513137    0.0372691
   0.8433790    0.0387333
   0.8353972    0.0401597
   0.8273709    0.0415480
   0.8193035    0.0428967
   0.8111974    0.0442058
   0.8030557    0.0454743
   0.7948819    0.0467020
   0.7866792    0.0478878
   0.7784504    0.0490321
   0.7701980    0.0501358
   0.7619244    0.0511989
   0.7536313    0.0522216
   0.7453203    0.0532043
   0.7369927    0.0541477
   0.7286498    0.0550528
   0.7202929    0.0559202
   0.7119226    0.0567503
   0.7035401    0.0575441
   0.6951459    0.0583022
   0.6867410    0.0590256
   0.6783258    0.0597151
   0.6699009    0.0603713
   0.6614670    0.0609951
   0.6530245    0.0615873
   0.6445739    0.0621487
   0.6361157    0.0626796
   0.6276501    0.0631808
   0.6191776    0.0636531
   0.6106986    0.0640972
   0.6022138    0.0645139
   0.5937228    0.0649037
   0.5852267    0.0652673
   0.5767251    0.0656053
   0.5682188    0.0659182
   0.5597081    0.0662065
   0.5511928    0.0664704
   0.5426736    0.0667104
   0.5341505    0.0669268
   0.5256237    0.0671200
   0.5170934    0.0672902
   0.5085600    0.0674375
   0.5000236    0.0675620
   0.4914842    0.0676639
   0.4829421    0.0677430
   0.4743977    0.0677994
   0.4658509    0.0678331
   0.4573022    0.0678444
   0.4487514    0.0678334
   0.4401988    0.0678002
   0.4316446    0.0677447
   0.4230889    0.0676673
   0.4145318    0.0675681
   0.4059728    0.0674467
   0.3974116    0.0673032
   0.3888458    0.0671373
   0.3802811    0.0669494
   0.3717143    0.0667394
   0.3631488    0.0665071
   0.3545896    0.0662525
   0.3460289    0.0659753
   0.3374744    0.0656753
   0.3289244    0.0653524
   0.3203786    0.0650065
   0.3118370    0.0646370
   0.3033021    0.0642437
   0.2947731    0.0638266
   0.2862528    0.0633853
   0.2777387    0.0629192
   0.2692341    0.0624282
   0.2607379    0.0619112
   0.2522514    0.0613688
   0.2437764    0.0608004
   0.2353165    0.0602050
   0.2268701    0.0595824
   0.2184406    0.0589316
   0.2100269    0.0582518
   0.2016340    0.0575422
   0.1932631    0.0568013
   0.1849160    0.0560285
   0.1765958    0.0552219
   0.1683050    0.0543808
   0.1600467    0.0535038
   0.1518270    0.0525883
   0.1436505    0.0516325
   0.1355248    0.0506354
   0.1274576    0.0495950
   0.1194611    0.0485090
   0.1115465    0.0473754
   0.1037365    0.0461952
   0.0960531    0.0449673
   0.0885282    0.0436945
   0.0811956    0.0423792
   0.0741054    0.0410277
   0.0673052    0.0396465
   0.0608463    0.0382442
   0.0547810    0.0368315
   0.0491514    0.0354207
   0.0439815    0.0340217
   0.0392760    0.0326422
   0.0350238    0.0312826
   0.0312015    0.0299399
   0.0277758    0.0286138
   0.0247100    0.0273051
   0.0219675    0.0260140
   0.0195124    0.0247410
   0.0173128    0.0234846
   0.0153396    0.0222449
   0.0135661    0.0210246
   0.0119696    0.0198244
   0.0105301    0.0186442
   0.0092302    0.0174838
   0.0080546    0.0163425
   0.0069902    0.0152194
   0.0060265    0.0141140
   0.0051545    0.0130255
   0.0043668    0.0119534
   0.0036577    0.0108977
   0.0030214    0.0098572
   0.0024523    0.0088293
   0.0019471    0.0078136
   0.0015035    0.0068104
   0.0011176    0.0058153
   0.0007881    0.0048270
   0.0005148    0.0038460
   0.0002976    0.0028708
   0.0001381    0.0019034
   0.0000381    0.0009473
   0.0000000    0.0000000
   0.0000278   -0.0009466
   0.0001287   -0.0018939
   0.0003134   -0.0028407
   0.0005915   -0.0037745
   0.0009628   -0.0046850
   0.0014168   -0.0055694
   0.0019459   -0.0064251
   0.0025410   -0.0072564
   0.0032033   -0.0080642
   0.0039334   -0.0088555
   0.0047374   -0.0096366
   0.0056231   -0.0104100
   0.0065982   -0.0111780
   0.0076710   -0.0119411
   0.0088498   -0.0126991
   0.0101435   -0.0134524
   0.0115623   -0.0142025
   0.0131181   -0.0149510
   0.0148260   -0.0156993
   0.0167043   -0.0164508
   0.0187732   -0.0172122
   0.0210577   -0.0179893
   0.0235883   -0.0187893
   0.0264026   -0.0196221
   0.0295446   -0.0204964
   0.0330606   -0.0214206
   0.0369985   -0.0224034
   0.0414060   -0.0234531
   0.0463228   -0.0245740
   0.0517700   -0.0257673
   0.0577404   -0.0270257
   0.0642008   -0.0283395
   0.0710945   -0.0296931
   0.0783501   -0.0310713
   0.0858953   -0.0324605
   0.0936699   -0.0338494
   0.1016152   -0.0352291
   0.1096944   -0.0365947
   0.1178741   -0.0379425
   0.1261325   -0.0392691
   0.1344529   -0.0405731
   0.1428226   -0.0418539
   0.1512323   -0.0431112
   0.1596762   -0.0443441
   0.1681446   -0.0455501
   0.1766374   -0.0467280
   0.1851488   -0.0478765
   0.1936778   -0.0489934
   0.2022206   -0.0500778
   0.2107747   -0.0511271
   0.2193391   -0.0521389
   0.2279125   -0.0531123
   0.2364928   -0.0540439
   0.2450802   -0.0549336
   0.2536720   -0.0557807
   0.2622665   -0.0565838
   0.2708609   -0.0573413
   0.2794577   -0.0580526
   0.2880501   -0.0587168
   0.2966432   -0.0593325
   0.3052318   -0.0598984
   0.3138155   -0.0604134
   0.3223931   -0.0608769
   0.3309689   -0.0612884
   0.3395361   -0.0616456
   0.3480913   -0.0619490
   0.3566334   -0.0621977
   0.3651624   -0.0623916
   0.3736785   -0.0625295
   0.3821831   -0.0626124
   0.3906726   -0.0626393
   0.3991471   -0.0626101
   0.4076063   -0.0625248
   0.4160551   -0.0623824
   0.4244886   -0.0621822
   0.4329094   -0.0619243
   0.4413190   -0.0616080
   0.4497145   -0.0612339
   0.4580962   -0.0608030
   0.4664644   -0.0603103
   0.4748171   -0.0597561
   0.4831554   -0.0591407
   0.4914747   -0.0584648
   0.4997724   -0.0577281
   0.5080475   -0.0569307
   0.5162989   -0.0560729
   0.5245263   -0.0551547
   0.5327273   -0.0541766
   0.5409033   -0.0531384
   0.5490576   -0.0520401
   0.5571882   -0.0508810
   0.5652998   -0.0496632
   0.5733969   -0.0483854
   0.5814799   -0.0470480
   0.5895544   -0.0456533
   0.5976277   -0.0442001
   0.6057023   -0.0426904
   0.6137858   -0.0411239
   0.6218789   -0.0395041
   0.6299899   -0.0378349
   0.6381180   -0.0361189
   0.6462710   -0.0343566
   0.6544477   -0.0325486
   0.6626563   -0.0307028
   0.6708961   -0.0288210
   0.6791757   -0.0269180
   0.6875005   -0.0250083
   0.6958685   -0.0230877
   0.7042802   -0.0211557
   0.7127344   -0.0192145
   0.7212311   -0.0172664
   0.7297605   -0.0153243
   0.7383105   -0.0134082
   0.7468687   -0.0115334
   0.7554178   -0.0097086
   0.7639491   -0.0079348
   0.7724556   -0.0062204
   0.7809316   -0.0045789
   0.7893715   -0.0030187
   0.7977679   -0.0015465
   0.8061088   -0.0001702
   0.8143813    0.0011040
   0.8225709    0.0022724
   0.8306804    0.0033328
   0.8387017    0.0042837
   0.8466377    0.0051267
   0.8544899    0.0058620
   0.8622575    0.0064915
   0.8699394    0.0070178
   0.8775407    0.0074424
   0.8850605    0.0077675
   0.8924995    0.0079956
   0.8998595    0.0081286
   0.9071418    0.0081682
   0.9143500    0.0081157
   0.9214803    0.0079736
   0.9285377    0.0077432
   0.9355220    0.0074256
   0.9424329    0.0070222
   0.9492640    0.0065340
   0.9559939    0.0059640
   0.9625910    0.0053186
   0.9690080    0.0046086
   0.9751890    0.0038506
   0.9810694    0.0030638
   0.9865837    0.0022649
   0.9916816    0.0014650
   0.9963334    0.0006676
   1.0000000   -0.0000253
