NE120
   1.0000000    0.0000000
   0.9964612    0.0011158
   0.9919830    0.0025109
   0.9870323    0.0040314
   0.9816083    0.0056713
   0.9757415    0.0074155
   0.9694876    0.0092407
   0.9629163    0.0111199
   0.9561039    0.0130259
   0.9491187    0.0149354
   0.9420092    0.0168335
   0.9348097    0.0187087
   0.9275360    0.0205555
   0.9201972    0.0223700
   0.9127990    0.0241501
   0.9053428    0.0258951
   0.8978263    0.0276044
   0.8902486    0.0292775
   0.8826077    0.0309143
   0.8749055    0.0325126
   0.8671421    0.0340712
   0.8593189    0.0355899
   0.8514404    0.0370676
   0.8435104    0.0385026
   0.8355324    0.0398936
   0.8275091    0.0412401
   0.8194439    0.0425417
   0.8113396    0.0437985
   0.8031995    0.0450109
   0.7950270    0.0461783
   0.7868253    0.0473002
   0.7785976    0.0483780
   0.7703464    0.0494133
   0.7620740    0.0504059
   0.7537823    0.0513560
   0.7454729    0.0522646
   0.7371473    0.0531330
   0.7288066    0.0539624
   0.7204521    0.0547533
   0.7120846    0.0555064
   0.7037052    0.0562228
   0.6953145    0.0569038
   0.6869133    0.0575503
   0.6785023    0.0581631
   0.6700819    0.0587431
   0.6616529    0.0592916
   0.6532156    0.0598099
   0.6447707    0.0602986
   0.6363183    0.0607580
   0.6278591    0.0611892
   0.6193933    0.0615938
   0.6109214    0.0619726
   0.6024439    0.0623264
   0.5939607    0.0626560
   0.5854725    0.0629623
   0.5769794    0.0632461
   0.5684817    0.0635080
   0.5599798    0.0637486
   0.5514736    0.0639680
   0.5429638    0.0641668
   0.5344502    0.0643454
   0.5259331    0.0645046
   0.5174128    0.0646443
   0.5088893    0.0647645
   0.5003631    0.0648653
   0.4918339    0.0649469
   0.4833022    0.0650092
   0.4747683    0.0650520
   0.4662320    0.0650754
   0.4576938    0.0650798
   0.4491535    0.0650659
   0.4406115    0.0650333
   0.4320678    0.0649818
   0.4235225    0.0649117
   0.4149758    0.0648231
   0.4064272    0.0647157
   0.3978762    0.0645890
   0.3893206    0.0644427
   0.3807659    0.0642770
   0.3722092    0.0640921
   0.3636535    0.0638877
   0.3551038    0.0636637
   0.3465526    0.0634193
   0.3380074    0.0631542
   0.3294667    0.0628681
   0.3209298    0.0625608
   0.3123969    0.0622315
   0.3038706    0.0618798
   0.2953502    0.0615056
   0.2868381    0.0611084
   0.2783319    0.0606877
   0.2698353    0.0602426
   0.2613466    0.0597718
   0.2528676    0.0592763
   0.2444000    0.0587552
   0.2359472    0.0582074
   0.2275078    0.0576329
   0.2190849    0.0570300
   0.2106779    0.0563981
   0.2022912    0.0557368
   0.1939266    0.0550434
   0.1855854    0.0543181
   0.1772709    0.0535586
   0.1689858    0.0527641
   0.1607328    0.0519335
   0.1525182    0.0510637
   0.1443468    0.0501520
   0.1362259    0.0491987
   0.1281632    0.0482014
   0.1201709    0.0471583
   0.1122602    0.0460667
   0.1044537    0.0449292
   0.0967732    0.0437433
   0.0892505    0.0425138
   0.0819192    0.0412432
   0.0748294    0.0399369
   0.0680282    0.0386034
   0.0615674    0.0372482
   0.0554992    0.0358818
   0.0498662    0.0345142
   0.0446929    0.0331531
   0.0399846    0.0318042
   0.0357290    0.0304732
   0.0319007    0.0291625
   0.0284657    0.0278731
   0.0253862    0.0266068
   0.0226249    0.0253642
   0.0201455    0.0241454
   0.0179177    0.0229446
   0.0159139    0.0217589
   0.0141077    0.0205909
   0.0124770    0.0194402
   0.0110025    0.0183064
   0.0096671    0.0171889
   0.0084558    0.0160871
   0.0073561    0.0150002
   0.0063576    0.0139275
   0.0054515    0.0128686
   0.0046306    0.0118229
   0.0038895    0.0107906
   0.0032224    0.0097707
   0.0026239    0.0087607
   0.0020908    0.0077605
   0.0016208    0.0067704
   0.0012101    0.0057863
   0.0008574    0.0048072
   0.0005631    0.0038333
   0.0003275    0.0028635
   0.0001531    0.0018997
   0.0000426    0.0009459
   0.0000000    0.0000000
   0.0000315   -0.0009436
   0.0001481   -0.0018861
   0.0003672   -0.0028230
   0.0007068   -0.0037351
   0.0011670   -0.0046059
   0.0017269   -0.0054323
   0.0023706   -0.0062132
   0.0030795   -0.0069588
   0.0038538   -0.0076703
   0.0046908   -0.0083581
   0.0055957   -0.0090300
   0.0065764   -0.0096886
   0.0076399   -0.0103378
   0.0087943   -0.0109788
   0.0100475   -0.0116126
   0.0114084   -0.0122409
   0.0128871   -0.0128663
   0.0144957   -0.0134922
   0.0162496   -0.0141205
   0.0181679   -0.0147541
   0.0202719   -0.0153997
   0.0225873   -0.0160615
   0.0251460   -0.0167442
   0.0279861   -0.0174561
   0.0311518   -0.0182059
   0.0346895   -0.0190009
   0.0386473   -0.0198497
   0.0430729   -0.0207603
   0.0480063   -0.0217345
   0.0534685   -0.0227744
   0.0594526   -0.0238721
   0.0659248   -0.0250210
   0.0728283   -0.0262058
   0.0800919   -0.0274140
   0.0876427   -0.0286349
   0.0954210   -0.0298577
   0.1033680   -0.0310752
   0.1114468   -0.0322833
   0.1196244   -0.0334785
   0.1278790   -0.0346572
   0.1361942   -0.0358183
   0.1445573   -0.0369604
   0.1529595   -0.0380813
   0.1613951   -0.0391800
   0.1698541   -0.0402552
   0.1783366   -0.0413051
   0.1868367   -0.0423289
   0.1953534   -0.0433252
   0.2038829   -0.0442923
   0.2124228   -0.0452283
   0.2209719   -0.0461307
   0.2295290   -0.0469989
   0.2380921   -0.0478308
   0.2466611   -0.0486264
   0.2552337   -0.0493835
   0.2638080   -0.0501004
   0.2723816   -0.0507764
   0.2809568   -0.0514097
   0.2895268   -0.0520001
   0.2980969   -0.0525473
   0.3066617   -0.0530488
   0.3152211   -0.0535037
   0.3237738   -0.0539118
   0.3323241   -0.0542730
   0.3408654   -0.0545850
   0.3493943   -0.0548470
   0.3579098   -0.0550587
   0.3664118   -0.0552202
   0.3749007   -0.0553305
   0.3833779   -0.0553886
   0.3918401   -0.0553950
   0.4002870   -0.0553498
   0.4087186   -0.0552526
   0.4171400   -0.0551027
   0.4255460   -0.0548997
   0.4339395   -0.0546431
   0.4423220   -0.0543329
   0.4506907   -0.0539690
   0.4590458   -0.0535513
   0.4673881   -0.0530792
   0.4757153   -0.0525526
   0.4840291   -0.0519711
   0.4923244   -0.0513347
   0.5005990   -0.0506437
   0.5088521   -0.0498987
   0.5170826   -0.0491000
   0.5252903   -0.0482471
   0.5334729   -0.0473404
   0.5416319   -0.0463807
   0.5497708   -0.0453679
   0.5578878   -0.0443027
   0.5659875   -0.0431846
   0.5740745   -0.0420133
   0.5821493   -0.0407898
   0.5902176   -0.0395147
   0.5982866   -0.0381878
   0.6063588   -0.0368099
   0.6144418   -0.0353815
   0.6225362   -0.0339045
   0.6306496   -0.0323802
   0.6387814   -0.0308123
   0.6469401   -0.0292042
   0.6551243   -0.0275560
   0.6633386   -0.0258598
   0.6715833   -0.0241230
   0.6798679   -0.0223646
   0.6881960   -0.0205931
   0.6965669   -0.0188093
   0.7049811   -0.0170134
   0.7134373   -0.0152061
   0.7219346   -0.0133878
   0.7304626   -0.0115676
   0.7390091   -0.0097651
   0.7475618   -0.0079981
   0.7561048   -0.0062804
   0.7646291   -0.0046122
   0.7731265   -0.0029951
   0.7815918   -0.0014448
   0.7900195    0.0000272
   0.7984026    0.0014160
   0.8067289    0.0027126
   0.8149860    0.0039081
   0.8231599    0.0049968
   0.8312533    0.0059757
   0.8392584    0.0068403
   0.8471784    0.0075900
   0.8550142    0.0082251
   0.8627653    0.0087464
   0.8704301    0.0091549
   0.8780138    0.0094534
   0.8855150    0.0096442
   0.8929342    0.0097299
   0.9002730    0.0097138
   0.9075325    0.0095992
   0.9147162    0.0093893
   0.9218202    0.0090879
   0.9288495    0.0086993
   0.9358040    0.0082277
   0.9426839    0.0076768
   0.9494829    0.0070503
   0.9561800    0.0063546
   0.9627448    0.0055988
   0.9691305    0.0047954
   0.9752814    0.0039594
   0.9811340    0.0031092
   0.9866234    0.0022638
   0.9917004    0.0014392
   0.9963379    0.0006490
   1.0000000    0.0000000
