TP202-9% (c)Th Platon voltige par petit temps avec des planeurs de 2m50  3m
   1.0000000    0.0000600
   0.9958298    0.0006896
   0.9880896    0.0019287
   0.9802693    0.0032079
   0.9724090    0.0045071
   0.9645187    0.0058062
   0.9566284    0.0070854
   0.9487381    0.0083145
   0.9408178    0.0095237
   0.9328975    0.0107028
   0.9249672    0.0118520
   0.9170369    0.0130011
   0.9090966    0.0141303
   0.9011564    0.0152394
   0.8932161    0.0163486
   0.8852758    0.0174377
   0.8773355    0.0185269
   0.8693852    0.0195960
   0.8614450    0.0206552
   0.8535047    0.0216943
   0.8455544    0.0227335
   0.8376041    0.0237626
   0.8296539    0.0247618
   0.8217036    0.0257609
   0.8137433    0.0267600
   0.8057831    0.0277392
   0.7978328    0.0287083
   0.7898725    0.0296575
   0.7819123    0.0306066
   0.7739520    0.0315458
   0.7659818    0.0324649
   0.7580215    0.0333640
   0.7500512    0.0342732
   0.7420810    0.0351623
   0.7341107    0.0360415
   0.7261405    0.0369006
   0.7181702    0.0377598
   0.7102000    0.0385989
   0.7022197    0.0394380
   0.6942495    0.0402472
   0.6862692    0.0410463
   0.6782890    0.0418454
   0.6703087    0.0426146
   0.6623285    0.0433937
   0.6543482    0.0441429
   0.6463580    0.0448920
   0.6383778    0.0456211
   0.6303975    0.0463303
   0.6224073    0.0470394
   0.6144170    0.0477285
   0.6064268    0.0484077
   0.5984366    0.0490668
   0.5904463    0.0497159
   0.5824461    0.0503451
   0.5744459    0.0509742
   0.5664557    0.0515733
   0.5584554    0.0521625
   0.5504552    0.0527416
   0.5424550    0.0532907
   0.5344548    0.0538299
   0.5264546    0.0543590
   0.5184443    0.0548681
   0.5104441    0.0553573
   0.5024439    0.0558164
   0.4944337    0.0562755
   0.4864235    0.0567046
   0.4784133    0.0571238
   0.4704031    0.0575229
   0.4623929    0.0578920
   0.4543827    0.0582411
   0.4463725    0.0585703
   0.4383623    0.0588894
   0.4303421    0.0591785
   0.4223319    0.0594476
   0.4143117    0.0596968
   0.4063015    0.0599059
   0.3982814    0.0601050
   0.3902612    0.0602741
   0.3822510    0.0604233
   0.3742308    0.0605424
   0.3662207    0.0606415
   0.3582005    0.0607006
   0.3501803    0.0607497
   0.3421602    0.0607589
   0.3341500    0.0607380
   0.3261298    0.0606971
   0.3181097    0.0606262
   0.3100995    0.0605253
   0.3020894    0.0603744
   0.2940693    0.0602036
   0.2860591    0.0599927
   0.2780490    0.0597518
   0.2700389    0.0594809
   0.2620387    0.0591800
   0.2540286    0.0588291
   0.2460285    0.0584482
   0.2380284    0.0580173
   0.2300383    0.0575565
   0.2220382    0.0570456
   0.2140481    0.0564947
   0.2060680    0.0559138
   0.1980979    0.0552629
   0.1901178    0.0545720
   0.1821577    0.0538311
   0.1741976    0.0530502
   0.1662476    0.0521993
   0.1582975    0.0512884
   0.1503675    0.0503275
   0.1424474    0.0493067
   0.1345374    0.0482158
   0.1266474    0.0470449
   0.1187673    0.0458040
   0.1109073    0.0444731
   0.1030773    0.0430622
   0.0952573    0.0415613
   0.0874774    0.0399404
   0.0797274    0.0382295
   0.0720174    0.0363886
   0.0643575    0.0344078
   0.0567576    0.0322869
   0.0492377    0.0299760
   0.0417978    0.0274851
   0.0344980    0.0247543
   0.0273582    0.0217534
   0.0204384    0.0184226
   0.0138587    0.0147518
   0.0078790    0.0105311
   0.0031194    0.0061605
   0.0009997    0.0027702
   0.0003399    0.0010601
   0.0000000    0.0000000
   0.0002401   -0.0007000
   0.0008002   -0.0020900
   0.0024806   -0.0046898
   0.0070410   -0.0080294
   0.0136715   -0.0110587
   0.0208019   -0.0135680
   0.0282323   -0.0156772
   0.0358226   -0.0174364
   0.0435430   -0.0189556
   0.0513233   -0.0202848
   0.0591535   -0.0214539
   0.0670238   -0.0224931
   0.0749241   -0.0234322
   0.0828343   -0.0242414
   0.0907846   -0.0249905
   0.0987348   -0.0256497
   0.1067050   -0.0262588
   0.1146752   -0.0267879
   0.1226555   -0.0272671
   0.1306457   -0.0276962
   0.1386359   -0.0280753
   0.1466361   -0.0284244
   0.1546363   -0.0287336
   0.1626464   -0.0290027
   0.1706566   -0.0292318
   0.1786668   -0.0294409
   0.1866770   -0.0296001
   0.1946872   -0.0297492
   0.2027073   -0.0298683
   0.2107275   -0.0299574
   0.2187477   -0.0300365
   0.2267578   -0.0300757
   0.2347880   -0.0301048
   0.2428082   -0.0301039
   0.2508283   -0.0300930
   0.2588485   -0.0300621
   0.2668686   -0.0300212
   0.2748888   -0.0299604
   0.2829089   -0.0298795
   0.2909391   -0.0297786
   0.2989592   -0.0296677
   0.3069794   -0.0295268
   0.3149995   -0.0293959
   0.3230297   -0.0292351
   0.3310498   -0.0290642
   0.3390700   -0.0288833
   0.3471001   -0.0286824
   0.3551102   -0.0284815
   0.3631404   -0.0282606
   0.3711505   -0.0280197
   0.3791706   -0.0277788
   0.3871908   -0.0275280
   0.3952109   -0.0272671
   0.4032410   -0.0269762
   0.4112512   -0.0266953
   0.4192713   -0.0264044
   0.4272914   -0.0260935
   0.4353115   -0.0257926
   0.4433317   -0.0254717
   0.4513518   -0.0251509
   0.4593619   -0.0248100
   0.4673820   -0.0244691
   0.4754022   -0.0241182
   0.4834223   -0.0237773
   0.4914424   -0.0234064
   0.4994525   -0.0230355
   0.5074726   -0.0226646
   0.5154828   -0.0222737
   0.5234929   -0.0218829
   0.5315030   -0.0214820
   0.5395231   -0.0210711
   0.5475332   -0.0206502
   0.5555433   -0.0202193
   0.5635434   -0.0197884
   0.5715436   -0.0193275
   0.5795537   -0.0188766
   0.5875638   -0.0184057
   0.5955739   -0.0179248
   0.6035740   -0.0174240
   0.6115841   -0.0169331
   0.6195942   -0.0164222
   0.6276043   -0.0159213
   0.6356144   -0.0154104
   0.6436245   -0.0148895
   0.6516246   -0.0143786
   0.6596347   -0.0138477
   0.6676448   -0.0133268
   0.6756549   -0.0128059
   0.6836650   -0.0122850
   0.6916651   -0.0117742
   0.6996752   -0.0112533
   0.7076853   -0.0107524
   0.7156954   -0.0102315
   0.7237055   -0.0097306
   0.7317056   -0.0092197
   0.7397157   -0.0087288
   0.7477259   -0.0082479
   0.7557360   -0.0077470
   0.7637461   -0.0072761
   0.7717462   -0.0068052
   0.7797663   -0.0063444
   0.7877664   -0.0058835
   0.7957865   -0.0054426
   0.8037966   -0.0050017
   0.8118067   -0.0045808
   0.8198168   -0.0041699
   0.8278270   -0.0037590
   0.8358371   -0.0033681
   0.8438472   -0.0029972
   0.8518673   -0.0026263
   0.8598774   -0.0022755
   0.8678876   -0.0019346
   0.8758977   -0.0016237
   0.8839178   -0.0013328
   0.8919379   -0.0010519
   0.8999481   -0.0007810
   0.9079582   -0.0005601
   0.9159784   -0.0003392
   0.9239985   -0.0001484
   0.9320086    0.0000225
   0.9400288    0.0001634
   0.9480489    0.0002743
   0.9560591    0.0003752
   0.9640592    0.0004261
   0.9720694    0.0004369
   0.9800696    0.0003778
   0.9879797    0.0002487
   0.9957899    0.0000595
   1.0000000   -0.0000600
