TP29-6% Profil de stab (c)Th Platon
   1.0000000    0.0003700
   0.9956896    0.0004983
   0.9878487    0.0007551
   0.9798079    0.0010218
   0.9717371    0.0012985
   0.9636462    0.0015752
   0.9555554    0.0018519
   0.9474645    0.0021387
   0.9393637    0.0024354
   0.9312628    0.0027321
   0.9231520    0.0030388
   0.9150511    0.0033455
   0.9069503    0.0036522
   0.8988494    0.0039589
   0.8907585    0.0042856
   0.8826577    0.0046023
   0.8745468    0.0049290
   0.8664460    0.0052657
   0.8583551    0.0055924
   0.8502542    0.0059291
   0.8421534    0.0062658
   0.8340625    0.0066026
   0.8259716    0.0069493
   0.8178707    0.0072960
   0.8097799    0.0076427
   0.8016790    0.0079894
   0.7935781    0.0083461
   0.7854772    0.0087028
   0.7773764    0.0090495
   0.7692755    0.0094063
   0.7611846    0.0097730
   0.7530937    0.0101397
   0.7449929    0.0104964
   0.7368920    0.0108631
   0.7287911    0.0112298
   0.7207002    0.0115865
   0.7126093    0.0119532
   0.7045185    0.0123300
   0.6964276    0.0127067
   0.6883367    0.0130734
   0.6802458    0.0134501
   0.6721549    0.0138168
   0.6640541    0.0141835
   0.6559532    0.0145603
   0.6478623    0.0149370
   0.6397714    0.0153137
   0.6316805    0.0156904
   0.6235796    0.0160671
   0.6154787    0.0164438
   0.6073779    0.0168205
   0.5992770    0.0171873
   0.5911861    0.0175640
   0.5830952    0.0179407
   0.5750143    0.0183074
   0.5669334    0.0186841
   0.5588426    0.0190408
   0.5507517    0.0194176
   0.5426608    0.0197843
   0.5345699    0.0201410
   0.5264791    0.0204977
   0.5183882    0.0208644
   0.5102873    0.0212111
   0.5021964    0.0215678
   0.4940956    0.0219146
   0.4859947    0.0222613
   0.4779038    0.0225980
   0.4698030    0.0229347
   0.4617021    0.0232714
   0.4536112    0.0235981
   0.4455204    0.0239248
   0.4374295    0.0242415
   0.4293286    0.0245582
   0.4212278    0.0248749
   0.4131269    0.0251817
   0.4050361    0.0254884
   0.3969552    0.0257851
   0.3888544    0.0260618
   0.3807635    0.0263485
   0.3726627    0.0266252
   0.3645718    0.0268919
   0.3564810    0.0271486
   0.3483802    0.0273953
   0.3402793    0.0276320
   0.3321885    0.0278587
   0.3240877    0.0280854
   0.3159869    0.0282921
   0.3078961    0.0284888
   0.2997953    0.0286655
   0.2917045    0.0288422
   0.2836137    0.0289989
   0.2755129    0.0291456
   0.2674121    0.0292723
   0.2593313    0.0293890
   0.2512306    0.0294757
   0.2431398    0.0295524
   0.2350390    0.0296190
   0.2269583    0.0296557
   0.2188676    0.0296724
   0.2107768    0.0296791
   0.2026961    0.0296558
   0.1946154    0.0296025
   0.1865347    0.0295191
   0.1784440    0.0294058
   0.1703734    0.0292725
   0.1622927    0.0290992
   0.1542321    0.0288958
   0.1461614    0.0286425
   0.1381008    0.0283492
   0.1300402    0.0280158
   0.1219897    0.0276325
   0.1139691    0.0271992
   0.1059286    0.0266758
   0.0978981    0.0261225
   0.0899077    0.0254792
   0.0819272    0.0247458
   0.0739669    0.0239125
   0.0660465    0.0229691
   0.0581663    0.0218858
   0.0503361    0.0206425
   0.0425660    0.0192192
   0.0349059    0.0175759
   0.0273760    0.0156726
   0.0201063    0.0134395
   0.0132368    0.0108164
   0.0075174    0.0080038
   0.0039681    0.0055921
   0.0017685    0.0040711
   0.0007691    0.0024305
   0.0002896    0.0010502
   0.0000000    0.0000000
   0.0000004   -0.0008601
   0.0002908   -0.0019101
   0.0007714   -0.0032900
   0.0017822   -0.0049297
   0.0039830   -0.0064389
   0.0075543   -0.0088377
   0.0132960   -0.0116656
   0.0201677   -0.0142730
   0.0274592   -0.0165002
   0.0349807   -0.0183873
   0.0426520   -0.0200243
   0.0504233   -0.0214313
   0.0582645   -0.0226781
   0.0661357   -0.0237550
   0.0740468   -0.0246919
   0.0820178   -0.0255087
   0.0899988   -0.0262355
   0.0979998   -0.0268622
   0.1060208   -0.0274290
   0.1140517   -0.0279257
   0.1220926   -0.0283625
   0.1301335   -0.0287392
   0.1381943   -0.0290660
   0.1462452   -0.0293427
   0.1543160   -0.0295794
   0.1623968   -0.0297861
   0.1704676   -0.0299528
   0.1785384   -0.0300895
   0.1866191   -0.0301862
   0.1947099   -0.0302629
   0.2027906   -0.0303096
   0.2108714   -0.0303263
   0.2189621   -0.0303129
   0.2270528   -0.0302896
   0.2351435   -0.0302463
   0.2432342   -0.0301730
   0.2513249   -0.0300897
   0.2594256   -0.0299863
   0.2675063   -0.0298730
   0.2755970   -0.0297297
   0.2836976   -0.0295763
   0.2917983   -0.0294230
   0.2998889   -0.0292397
   0.3079896   -0.0290563
   0.3160802   -0.0288530
   0.3241809   -0.0286397
   0.3322815   -0.0284063
   0.3403721   -0.0281730
   0.3484728   -0.0279296
   0.3565634   -0.0276763
   0.3646640   -0.0274029
   0.3727646   -0.0271296
   0.3808552   -0.0268463
   0.3889558   -0.0265629
   0.3970364   -0.0262796
   0.4051270   -0.0259662
   0.4132176   -0.0256529
   0.4212982   -0.0253495
   0.4293888   -0.0250362
   0.4374894   -0.0247028
   0.4455900   -0.0243795
   0.4536906   -0.0240461
   0.4617812   -0.0237128
   0.4698718   -0.0233695
   0.4779624   -0.0230261
   0.4860530   -0.0226828
   0.4941436   -0.0223294
   0.5022441   -0.0219761
   0.5103447   -0.0216127
   0.5184453   -0.0212593
   0.5265359   -0.0208860
   0.5346364   -0.0205126
   0.5427370   -0.0201493
   0.5508376   -0.0197759
   0.5589282   -0.0194026
   0.5670087   -0.0190192
   0.5750893   -0.0186459
   0.5831899   -0.0182725
   0.5912805   -0.0178992
   0.5993710   -0.0175158
   0.6074716   -0.0171325
   0.6155722   -0.0167591
   0.6236727   -0.0163758
   0.6317733   -0.0159924
   0.6398739   -0.0156091
   0.6479645   -0.0152257
   0.6560550   -0.0148424
   0.6641356   -0.0144690
   0.6722162   -0.0140857
   0.6803067   -0.0137023
   0.6883973   -0.0133190
   0.6964879   -0.0129456
   0.7045785   -0.0125723
   0.7126690   -0.0121889
   0.7207596   -0.0118156
   0.7288602   -0.0114422
   0.7369608   -0.0110688
   0.7450613   -0.0106955
   0.7531519   -0.0103321
   0.7612325   -0.0099688
   0.7693131   -0.0095954
   0.7773936   -0.0092321
   0.7854942   -0.0088787
   0.7935848   -0.0085154
   0.8016754   -0.0081520
   0.8097660   -0.0077987
   0.8178665   -0.0074453
   0.8259571   -0.0070920
   0.8340577   -0.0067386
   0.8421583   -0.0063953
   0.8502589   -0.0060519
   0.8583595   -0.0057086
   0.8664501   -0.0053752
   0.8745506   -0.0050319
   0.8826612   -0.0046985
   0.8907618   -0.0043752
   0.8988524   -0.0040418
   0.9069530   -0.0037285
   0.9150536   -0.0034051
   0.9231542   -0.0030918
   0.9312648   -0.0027884
   0.9393654   -0.0024851
   0.9474660   -0.0021817
   0.9555566   -0.0018884
   0.9636472   -0.0016050
   0.9717379   -0.0013217
   0.9798085   -0.0010384
   0.9878491   -0.0007651
   0.9956897   -0.0005018
   1.0000000   -0.0003700
