TP29-8.5%  MU28 intermdiaire Ph Jambon (c)Th Platon (pour la dcoupe entre TP36-9.5% et TP29-8
   1.0000000    0.0004400
   0.9956900    0.0006996
   0.9883999    0.0011788
   0.9804299    0.0017180
   0.9720998    0.0023172
   0.9636097    0.0029464
   0.9550697    0.0035755
   0.9464996    0.0042147
   0.9379096    0.0048538
   0.9293195    0.0055029
   0.9207294    0.0061521
   0.9121494    0.0068012
   0.9035593    0.0074504
   0.8949692    0.0080995
   0.8863892    0.0087486
   0.8778091    0.0093978
   0.8692290    0.0100369
   0.8606390    0.0106861
   0.8520589    0.0113352
   0.8434688    0.0119843
   0.8348788    0.0126235
   0.8262987    0.0132626
   0.8177086    0.0139118
   0.8091186    0.0145509
   0.8005185    0.0151901
   0.7919285    0.0158292
   0.7833384    0.0164583
   0.7747383    0.0170975
   0.7661483    0.0177266
   0.7575682    0.0183658
   0.7489681    0.0189949
   0.7403781    0.0196240
   0.7317980    0.0202432
   0.7232179    0.0208723
   0.7146379    0.0214915
   0.7060478    0.0221106
   0.6974478    0.0227297
   0.6888577    0.0233489
   0.6802776    0.0239480
   0.6716876    0.0245572
   0.6630975    0.0251663
   0.6545075    0.0257655
   0.6459174    0.0263646
   0.6373273    0.0269537
   0.6287273    0.0275429
   0.6201372    0.0281320
   0.6115572    0.0287112
   0.6029771    0.0292803
   0.5943970    0.0298494
   0.5858170    0.0304186
   0.5772369    0.0309677
   0.5686369    0.0315269
   0.5600468    0.0320760
   0.5514568    0.0326151
   0.5428567    0.0331543
   0.5342567    0.0336834
   0.5256566    0.0342026
   0.5170666    0.0347217
   0.5084665    0.0352208
   0.4998764    0.0357200
   0.4912764    0.0362191
   0.4826864    0.0366983
   0.4740963    0.0371574
   0.4654963    0.0376266
   0.4569062    0.0380757
   0.4483162    0.0385248
   0.4397261    0.0389540
   0.4311261    0.0393731
   0.4225360    0.0397923
   0.4139460    0.0401814
   0.4053560    0.0405705
   0.3967559    0.0409497
   0.3881659    0.0413188
   0.3795858    0.0416680
   0.3709958    0.0419971
   0.3624058    0.0423162
   0.3538258    0.0426254
   0.3452357    0.0429145
   0.3366657    0.0431737
   0.3280857    0.0434228
   0.3195056    0.0436520
   0.3109156    0.0438611
   0.3023556    0.0440502
   0.2937756    0.0442194
   0.2852056    0.0443585
   0.2766456    0.0444777
   0.2680856    0.0445668
   0.2595155    0.0446260
   0.2509655    0.0446651
   0.2424155    0.0446742
   0.2338555    0.0446434
   0.2253156    0.0445925
   0.2167756    0.0445017
   0.2082456    0.0443808
   0.1997256    0.0442100
   0.1912156    0.0439991
   0.1827056    0.0437483
   0.1741957    0.0434374
   0.1657057    0.0430866
   0.1572457    0.0426957
   0.1487858    0.0422349
   0.1403558    0.0417140
   0.1319459    0.0411132
   0.1235460    0.0404424
   0.1151860    0.0397015
   0.1068661    0.0388607
   0.0985662    0.0379199
   0.0903363    0.0368890
   0.0821464    0.0357182
   0.0740366    0.0344274
   0.0660267    0.0329866
   0.0581369    0.0313658
   0.0504170    0.0295550
   0.0429272    0.0275643
   0.0358075    0.0254036
   0.0292177    0.0230929
   0.0233579    0.0207023
   0.0183682    0.0183318
   0.0142584    0.0160914
   0.0109686    0.0140411
   0.0083488    0.0121808
   0.0062590    0.0104706
   0.0046091    0.0089405
   0.0032993    0.0075003
   0.0022694    0.0061702
   0.0014795    0.0050001
   0.0009096    0.0037801
   0.0005098    0.0024401
   0.0002099    0.0011300
   0.0000000    0.0000000
   0.0000000   -0.0002000
   0.0000100   -0.0003400
   0.0002101   -0.0013900
   0.0005103   -0.0027499
   0.0009104   -0.0040899
   0.0014905   -0.0053199
   0.0022906   -0.0064998
   0.0033208   -0.0078297
   0.0046409   -0.0092995
   0.0062911   -0.0108194
   0.0083712   -0.0124992
   0.0109914   -0.0143689
   0.0142916   -0.0164186
   0.0184019   -0.0186582
   0.0234021   -0.0210177
   0.0292523   -0.0234071
   0.0358426   -0.0257164
   0.0429628   -0.0278757
   0.0504530   -0.0298650
   0.0581832   -0.0316742
   0.0660633   -0.0332934
   0.0740735   -0.0347326
   0.0821836   -0.0360218
   0.0903737   -0.0371810
   0.0986238   -0.0382201
   0.1069139   -0.0391493
   0.1152340   -0.0399785
   0.1235941   -0.0407276
   0.1319841   -0.0413968
   0.1404042   -0.0419860
   0.1488342   -0.0424951
   0.1572943   -0.0429543
   0.1657643   -0.0433534
   0.1742444   -0.0437026
   0.1827544   -0.0440017
   0.1912644   -0.0442509
   0.1997744   -0.0444600
   0.2083045   -0.0446292
   0.2168245   -0.0447483
   0.2253645   -0.0448375
   0.2339045   -0.0448966
   0.2424545   -0.0449058
   0.2510145   -0.0448949
   0.2595745   -0.0448640
   0.2681245   -0.0447932
   0.2766945   -0.0447023
   0.2852544   -0.0445815
   0.2938244   -0.0444306
   0.3023944   -0.0442698
   0.3109744   -0.0440789
   0.3195444   -0.0438680
   0.3281343   -0.0436372
   0.3367143   -0.0433863
   0.3452843   -0.0431155
   0.3538743   -0.0428246
   0.3624542   -0.0425238
   0.3710442   -0.0421929
   0.3796342   -0.0418620
   0.3882241   -0.0415112
   0.3968041   -0.0411403
   0.4054041   -0.0407595
   0.4139940   -0.0403686
   0.4225840   -0.0399677
   0.4311739   -0.0395569
   0.4397639   -0.0391260
   0.4483638   -0.0386952
   0.4569538   -0.0382443
   0.4655538   -0.0377934
   0.4741537   -0.0373226
   0.4827537   -0.0368417
   0.4913436   -0.0363709
   0.4999336   -0.0358800
   0.5085235   -0.0353791
   0.5171135   -0.0348683
   0.5257034   -0.0343474
   0.5342934   -0.0338266
   0.5428733   -0.0332957
   0.5514633   -0.0327549
   0.5600632   -0.0322140
   0.5686531   -0.0316631
   0.5772531   -0.0311023
   0.5858530   -0.0305414
   0.5944430   -0.0299706
   0.6030429   -0.0293997
   0.6116329   -0.0288288
   0.6202328   -0.0282380
   0.6288327   -0.0276571
   0.6374227   -0.0270563
   0.6460126   -0.0264654
   0.6546126   -0.0258645
   0.6632025   -0.0252637
   0.6717924   -0.0246528
   0.6803824   -0.0240520
   0.6889823   -0.0234311
   0.6975723   -0.0228202
   0.7061622   -0.0221994
   0.7147421   -0.0215685
   0.7233321   -0.0209477
   0.7319220   -0.0203168
   0.7405119   -0.0196959
   0.7491019   -0.0190651
   0.7576918   -0.0184342
   0.7662617   -0.0177934
   0.7748217   -0.0171625
   0.7833916   -0.0165217
   0.7919716   -0.0158908
   0.8005615   -0.0152499
   0.8091514   -0.0145991
   0.8177414   -0.0139682
   0.8263313   -0.0133174
   0.8349112   -0.0126665
   0.8435012   -0.0120256
   0.8520911   -0.0113848
   0.8606710   -0.0107339
   0.8692510   -0.0100831
   0.8778409   -0.0094322
   0.8864108   -0.0087814
   0.8949908   -0.0081305
   0.9035707   -0.0074796
   0.9121606   -0.0068288
   0.9207606   -0.0061779
   0.9293405   -0.0055271
   0.9379304   -0.0048762
   0.9465104   -0.0042253
   0.9550803   -0.0035845
   0.9636103   -0.0029536
   0.9720902   -0.0023328
   0.9804301   -0.0017320
   0.9883901   -0.0011812
   0.9956900   -0.0007004
   1.0000000   -0.0004400
