TP96-0
   1.0000000    0.0003600
   0.9957596    0.0006124
   0.9878889    0.0010668
   0.9799182    0.0015312
   0.9718875    0.0019857
   0.9638468    0.0024302
   0.9558061    0.0028847
   0.9477554    0.0033291
   0.9397046    0.0037536
   0.9316439    0.0041681
   0.9235832    0.0045726
   0.9155224    0.0049771
   0.9074617    0.0053715
   0.8994009    0.0057660
   0.8913402    0.0061405
   0.8832794    0.0065150
   0.8752186    0.0068795
   0.8671479    0.0072439
   0.8590771    0.0076084
   0.8510263    0.0079629
   0.8429756    0.0083174
   0.8349148    0.0086718
   0.8268640    0.0090363
   0.8188133    0.0093908
   0.8107725    0.0097552
   0.8027217    0.0101097
   0.7946610    0.0104742
   0.7866002    0.0108387
   0.7785494    0.0112131
   0.7704987    0.0115976
   0.7624379    0.0119821
   0.7543972    0.0123766
   0.7463364    0.0127810
   0.7382857    0.0131855
   0.7302250    0.0136000
   0.7221842    0.0140345
   0.7141235    0.0144890
   0.7060728    0.0149334
   0.6980321    0.0154079
   0.6899714    0.0158924
   0.6819207    0.0163869
   0.6738700    0.0168914
   0.6658093    0.0173959
   0.6577587    0.0179104
   0.6497080    0.0184149
   0.6416573    0.0189094
   0.6335966    0.0194038
   0.6255459    0.0198883
   0.6174952    0.0203728
   0.6094345    0.0208473
   0.6014038    0.0213318
   0.5933931    0.0218062
   0.5853724    0.0222807
   0.5773417    0.0227452
   0.5692910    0.0232097
   0.5612303    0.0236742
   0.5531795    0.0241386
   0.5451288    0.0245931
   0.5370781    0.0250476
   0.5290174    0.0254921
   0.5209667    0.0259366
   0.5129060    0.0263811
   0.5048452    0.0268155
   0.4967945    0.0272400
   0.4887438    0.0276645
   0.4807030    0.0280790
   0.4726423    0.0284835
   0.4645915    0.0288879
   0.4565408    0.0292724
   0.4484800    0.0296569
   0.4404293    0.0300314
   0.4323685    0.0303858
   0.4243077    0.0307403
   0.4162470    0.0310748
   0.4081962    0.0313993
   0.4001254    0.0317137
   0.3920746    0.0320282
   0.3840238    0.0323127
   0.3759730    0.0325971
   0.3679322    0.0328616
   0.3598713    0.0331160
   0.3518205    0.0333605
   0.3437597    0.0335850
   0.3357088    0.0337994
   0.3276579    0.0339839
   0.3196171    0.0341683
   0.3115662    0.0343328
   0.3034953    0.0344772
   0.2954444    0.0346117
   0.2873835    0.0347161
   0.2793326    0.0348005
   0.2712717    0.0348750
   0.2632107    0.0349294
   0.2551498    0.0349639
   0.2471088    0.0349683
   0.2390479    0.0349427
   0.2309869    0.0349071
   0.2229459    0.0348416
   0.2149049    0.0347460
   0.2068438    0.0346204
   0.1988028    0.0344748
   0.1907617    0.0342892
   0.1827106    0.0340736
   0.1746695    0.0338280
   0.1666484    0.0335424
   0.1586173    0.0332067
   0.1505761    0.0328411
   0.1425649    0.0324355
   0.1345437    0.0319598
   0.1265325    0.0314642
   0.1185312    0.0308985
   0.1105499    0.0302728
   0.1025586    0.0295771
   0.0945972    0.0288214
   0.0866558    0.0279757
   0.0787243    0.0270499
   0.0708228    0.0260142
   0.0629612    0.0248684
   0.0551396    0.0235725
   0.0473878    0.0221166
   0.0397160    0.0204706
   0.0321341    0.0185946
   0.0247720    0.0164483
   0.0174798    0.0139421
   0.0113776    0.0112651
   0.0057851    0.0079778
   0.0024435    0.0057693
   0.0010722    0.0037599
   0.0004812    0.0020500
   0.0001105    0.0008600
   0.0000000    0.0000000
   0.0003995   -0.0009303
   0.0009288   -0.0023308
   0.0019281   -0.0039015
   0.0043674   -0.0057131
   0.0101064   -0.0087966
   0.0162158   -0.0112203
   0.0234954   -0.0134645
   0.0309353   -0.0153289
   0.0385753   -0.0169032
   0.0463355   -0.0182677
   0.0541458   -0.0194421
   0.0620162   -0.0204666
   0.0699067   -0.0213510
   0.0778472   -0.0221155
   0.0858178   -0.0227999
   0.0937884   -0.0233944
   0.1017691   -0.0238988
   0.1097798   -0.0243533
   0.1178005   -0.0247478
   0.1258113   -0.0250922
   0.1338421   -0.0253767
   0.1418830   -0.0256311
   0.1499138   -0.0258356
   0.1579547   -0.0260000
   0.1659956   -0.0261344
   0.1740365   -0.0262389
   0.1820874   -0.0263033
   0.1901384   -0.0263477
   0.1981893   -0.0263622
   0.2062403   -0.0263566
   0.2142913   -0.0263210
   0.2223623   -0.0262655
   0.2304033   -0.0261899
   0.2384543   -0.0260843
   0.2465053   -0.0259687
   0.2545664   -0.0258431
   0.2626274   -0.0256975
   0.2706885   -0.0255319
   0.2787396   -0.0253564
   0.2868006   -0.0251508
   0.2948617   -0.0249552
   0.3029228   -0.0247396
   0.3109839   -0.0245140
   0.3190450   -0.0242684
   0.3271061   -0.0240128
   0.3351772   -0.0237572
   0.3432283   -0.0234916
   0.3512895   -0.0232060
   0.3593606   -0.0229204
   0.3674117   -0.0226348
   0.3754628   -0.0223292
   0.3835240   -0.0220236
   0.3915851   -0.0217180
   0.3996363   -0.0213924
   0.4076974   -0.0210668
   0.4157386   -0.0207311
   0.4237897   -0.0203955
   0.4318509   -0.0200599
   0.4399220   -0.0197143
   0.4479832   -0.0193687
   0.4560544   -0.0190231
   0.4641055   -0.0186775
   0.4721667   -0.0183119
   0.4802278   -0.0179563
   0.4882690   -0.0176007
   0.4963302   -0.0172351
   0.5043913   -0.0168694
   0.5124525   -0.0165038
   0.5205037   -0.0161482
   0.5285649   -0.0157826
   0.5366360   -0.0154070
   0.5446972   -0.0150414
   0.5527684   -0.0146758
   0.5608295   -0.0143102
   0.5688907   -0.0139546
   0.5769619   -0.0135990
   0.5850230   -0.0132434
   0.5930742   -0.0128777
   0.6011354   -0.0125221
   0.6091865   -0.0121665
   0.6172377   -0.0118209
   0.6252888   -0.0114753
   0.6333400   -0.0111197
   0.6413912   -0.0107741
   0.6494423   -0.0104384
   0.6574935   -0.0100928
   0.6655446   -0.0097472
   0.6736058   -0.0094116
   0.6816669   -0.0090760
   0.6896981   -0.0087604
   0.6977292   -0.0084348
   0.7057604   -0.0081191
   0.7138315   -0.0078235
   0.7218926   -0.0075179
   0.7299538   -0.0072323
   0.7380149   -0.0069567
   0.7460860   -0.0066812
   0.7541471   -0.0064156
   0.7622082   -0.0061600
   0.7702793   -0.0059144
   0.7783404   -0.0056588
   0.7864015   -0.0054132
   0.7944726   -0.0051776
   0.8025337   -0.0049520
   0.8105948   -0.0047364
   0.8186459   -0.0045008
   0.8266970   -0.0042852
   0.8347681   -0.0040796
   0.8428292   -0.0038740
   0.8508702   -0.0036784
   0.8589213   -0.0034728
   0.8669724   -0.0032772
   0.8750435   -0.0030816
   0.8831146   -0.0028961
   0.8911856   -0.0027105
   0.8992567   -0.0025249
   0.9073278   -0.0023393
   0.9153988   -0.0021537
   0.9234699   -0.0019681
   0.9315410   -0.0018026
   0.9396120   -0.0016270
   0.9476831   -0.0014514
   0.9557442   -0.0012758
   0.9638052   -0.0011002
   0.9718563   -0.0009346
   0.9798974   -0.0007690
   0.9878784   -0.0006034
   0.9957494   -0.0004477
   1.0000000   -0.0003600
