TP96-0
   1.0000000    0.0003600
   0.9957297    0.0006515
   0.9878992    0.0011741
   0.9800186    0.0017067
   0.9721381    0.0022294
   0.9642076    0.0027421
   0.9562770    0.0032547
   0.9483265    0.0037574
   0.9403659    0.0042401
   0.9324054    0.0047127
   0.9244448    0.0051754
   0.9164842    0.0056281
   0.9085237    0.0060707
   0.9005631    0.0065034
   0.8926025    0.0069261
   0.8846319    0.0073387
   0.8766714    0.0077414
   0.8687108    0.0081441
   0.8607402    0.0085467
   0.8527796    0.0089394
   0.8448090    0.0093221
   0.8368384    0.0097147
   0.8288778    0.0101074
   0.8209072    0.0104900
   0.8129467    0.0108827
   0.8049761    0.0112654
   0.7970155    0.0116580
   0.7890549    0.0120507
   0.7810843    0.0124434
   0.7731237    0.0128560
   0.7651632    0.0132687
   0.7572026    0.0136814
   0.7492320    0.0141140
   0.7412714    0.0145467
   0.7333109    0.0149894
   0.7253503    0.0154420
   0.7173997    0.0159147
   0.7094392    0.0163974
   0.7014786    0.0168900
   0.6935281    0.0174027
   0.6855675    0.0179254
   0.6776070    0.0184580
   0.6696565    0.0190007
   0.6616959    0.0195434
   0.6537354    0.0200861
   0.6457848    0.0206187
   0.6378243    0.0211414
   0.6298638    0.0216641
   0.6219132    0.0221768
   0.6139527    0.0226794
   0.6059921    0.0231821
   0.5980316    0.0236948
   0.5900810    0.0241774
   0.5821305    0.0246801
   0.5741699    0.0251628
   0.5662194    0.0256455
   0.5582588    0.0261281
   0.5502882    0.0266008
   0.5423277    0.0270735
   0.5343671    0.0275361
   0.5264066    0.0279988
   0.5184460    0.0284515
   0.5104854    0.0289041
   0.5025249    0.0293468
   0.4945543    0.0297795
   0.4865937    0.0302121
   0.4786331    0.0306248
   0.4706725    0.0310375
   0.4627120    0.0314401
   0.4547514    0.0318228
   0.4467908    0.0322055
   0.4388302    0.0325781
   0.4308696    0.0329308
   0.4228990    0.0332734
   0.4149384    0.0336061
   0.4069678    0.0339187
   0.3989972    0.0342214
   0.3910365    0.0345141
   0.3830659    0.0347867
   0.3751053    0.0350594
   0.3671346    0.0353020
   0.3591740    0.0355447
   0.3512034    0.0357673
   0.3432327    0.0359700
   0.3352621    0.0361626
   0.3272914    0.0363253
   0.3193207    0.0364879
   0.3113601    0.0366205
   0.3033894    0.0367432
   0.2954187    0.0368458
   0.2874480    0.0369285
   0.2794773    0.0369811
   0.2715066    0.0370237
   0.2635359    0.0370364
   0.2555652    0.0370390
   0.2476045    0.0370116
   0.2396337    0.0369542
   0.2316630    0.0368769
   0.2237022    0.0367795
   0.2157315    0.0366421
   0.2077707    0.0364747
   0.1998099    0.0362873
   0.1918391    0.0360599
   0.1838783    0.0358025
   0.1759275    0.0355151
   0.1679667    0.0351877
   0.1600159    0.0348103
   0.1520650    0.0343929
   0.1441142    0.0339455
   0.1361733    0.0334281
   0.1282324    0.0328806
   0.1203015    0.0322732
   0.1123805    0.0316058
   0.1044596    0.0308583
   0.0965486    0.0300608
   0.0886576    0.0291734
   0.0807766    0.0281959
   0.0729055    0.0271184
   0.0650644    0.0259309
   0.0572633    0.0246033
   0.0494921    0.0231157
   0.0417808    0.0214281
   0.0341395    0.0195105
   0.0265981    0.0173128
   0.0192266    0.0147550
   0.0121650    0.0117470
   0.0058132    0.0080488
   0.0016717    0.0047699
   0.0005108    0.0022700
   0.0000903    0.0009001
   0.0000000    0.0000000
   0.0003696   -0.0012002
   0.0012390   -0.0032307
   0.0043885   -0.0057320
   0.0104180   -0.0088642
   0.0175978   -0.0114968
   0.0250978   -0.0136095
   0.0327579   -0.0153422
   0.0404981   -0.0167749
   0.0483084   -0.0180076
   0.0561588   -0.0190603
   0.0640292   -0.0199629
   0.0719196   -0.0207356
   0.0798401   -0.0213983
   0.0877607   -0.0219809
   0.0957012   -0.0224836
   0.1036318   -0.0229063
   0.1115824   -0.0232689
   0.1195430   -0.0235916
   0.1274936   -0.0238542
   0.1354543   -0.0240669
   0.1434149   -0.0242495
   0.1513756   -0.0243922
   0.1593363   -0.0244948
   0.1673070   -0.0245674
   0.1752677   -0.0246101
   0.1832384   -0.0246227
   0.1912091   -0.0246153
   0.1991798   -0.0245779
   0.2071506   -0.0245206
   0.2151113   -0.0244332
   0.2230821   -0.0243358
   0.2310528   -0.0242184
   0.2390236   -0.0240710
   0.2469844   -0.0239237
   0.2549651   -0.0237563
   0.2629259   -0.0235789
   0.2708967   -0.0233815
   0.2788675   -0.0231741
   0.2868383   -0.0229467
   0.2947991   -0.0227193
   0.3027699   -0.0224819
   0.3107307   -0.0222345
   0.3187015   -0.0219672
   0.3266623   -0.0216998
   0.3346331   -0.0214224
   0.3426039   -0.0211450
   0.3505747   -0.0208476
   0.3585455   -0.0205502
   0.3665063   -0.0202528
   0.3744772   -0.0199354
   0.3824480   -0.0196280
   0.3904188   -0.0193106
   0.3983796   -0.0189832
   0.4063505   -0.0186558
   0.4143113   -0.0183184
   0.4222821   -0.0179910
   0.4302429   -0.0176536
   0.4382038   -0.0173162
   0.4461646   -0.0169788
   0.4541254   -0.0166414
   0.4620863   -0.0163040
   0.4700571   -0.0159566
   0.4780279   -0.0156092
   0.4859888   -0.0152718
   0.4939596   -0.0149244
   0.5019204   -0.0145769
   0.5098913   -0.0142295
   0.5178521   -0.0138921
   0.5258229   -0.0135447
   0.5337937   -0.0131973
   0.5417646   -0.0128499
   0.5497254   -0.0125125
   0.5576862   -0.0121751
   0.5656471   -0.0118377
   0.5736179   -0.0115103
   0.5815887   -0.0111829
   0.5895595   -0.0108555
   0.5975304   -0.0105281
   0.6054912   -0.0102007
   0.6134620   -0.0098833
   0.6214328   -0.0095759
   0.6294037   -0.0092585
   0.6373645   -0.0089511
   0.6453253   -0.0086437
   0.6532861   -0.0083463
   0.6612569   -0.0080389
   0.6692278   -0.0077415
   0.6771886   -0.0074541
   0.6851594   -0.0071667
   0.6931202   -0.0068994
   0.7010810   -0.0066120
   0.7090518   -0.0063446
   0.7170226   -0.0060872
   0.7249934   -0.0058298
   0.7329642   -0.0055824
   0.7409350   -0.0053450
   0.7489058   -0.0051076
   0.7568766   -0.0048802
   0.7648474   -0.0046628
   0.7728182   -0.0044454
   0.7807890   -0.0042280
   0.7887598   -0.0040207
   0.7967305   -0.0038233
   0.8047013   -0.0036359
   0.8126821   -0.0034485
   0.8206429   -0.0032511
   0.8286137   -0.0030737
   0.8365844   -0.0029063
   0.8445652   -0.0027390
   0.8525360   -0.0025816
   0.8605068   -0.0024142
   0.8684775   -0.0022668
   0.8764483   -0.0021194
   0.8844291   -0.0019720
   0.8923998   -0.0018347
   0.9003806   -0.0016973
   0.9083513   -0.0015599
   0.9163221   -0.0014325
   0.9243029   -0.0013151
   0.9322736   -0.0011978
   0.9402444   -0.0010804
   0.9482251   -0.0009730
   0.9561859   -0.0008656
   0.9641366   -0.0007682
   0.9720874   -0.0006708
   0.9799781   -0.0005834
   0.9878789   -0.0004860
   0.9957296   -0.0004086
   1.0000000   -0.0003600
